1755885519799638272.000000 0.007952059 -0.017714096 0.004685713 -0.709966481 0.014888572 -0.001888738 0.704075634
1755885520066366208.000000 0.008315342 0.026573215 0.004747520 -0.714383185 0.012391958 0.001033459 0.699644268
1755885520333085184.000000 0.008410964 0.065163478 0.005253362 -0.714344680 0.011368522 0.001475998 0.699700177
1755885520599802368.000000 0.008186804 0.104247451 0.005357740 -0.714011729 0.011197514 0.000809565 0.700043738
1755885520866518272.000000 0.007153236 0.142401978 0.005170184 -0.713179171 0.010461878 -0.000876735 0.700903177
1755885521133236992.000000 0.010845717 0.179385468 0.005483320 -0.709917843 0.027161367 -0.016913865 0.703557372
1755885521399972864.000000 0.020443806 0.218731984 0.006019290 -0.707915843 0.057893392 -0.046535183 0.702380300
1755885522534605312.000000 0.102937400 0.379869074 0.007518110 -0.688578665 0.196213424 -0.178414777 0.674928010
1755885522634884352.000000 0.112844296 0.392257184 0.007595420 -0.685899734 0.207509622 -0.189122379 0.671352506
1755885522735167488.000000 0.122654349 0.404090762 0.007586766 -0.681824088 0.218482852 -0.201361254 0.668457091
1755885522868885760.000000 0.137936071 0.419854820 0.007330300 -0.677528262 0.234670669 -0.214896545 0.663102269
1755885522969179648.000000 0.148897097 0.430379719 0.007443337 -0.672314107 0.245923117 -0.226778880 0.660368800
1755885523102910976.000000 0.164173990 0.444298476 0.007315119 -0.666016221 0.260539711 -0.242077097 0.655698240
1755885523236295424.000000 0.180215791 0.456813037 0.007397545 -0.659547627 0.275487334 -0.256823957 0.650496125
1755885523436292352.000000 0.206221208 0.474943668 0.007549330 -0.649355173 0.298501909 -0.278287113 0.641709268
1755885523602955520.000000 0.227148861 0.488129437 0.008072828 -0.640056372 0.316443026 -0.296266109 0.634364367
1755885523802949120.000000 0.253739595 0.502456427 0.009052636 -0.628737211 0.336914182 -0.315452635 0.625833929
1755885524236267008.000000 0.303745717 0.539166152 0.009177536 -0.627968907 0.336712092 -0.313576341 0.627654314
1755885524636260864.000000 0.351808965 0.572935045 0.009060609 -0.627534688 0.336875796 -0.312586963 0.628493667
1755885525069576192.000000 0.402592719 0.610588491 0.008888419 -0.628460050 0.337071180 -0.311469078 0.628019154
1755885525602902272.000000 0.466933906 0.660994053 0.007786207 -0.631503999 0.336303204 -0.312839627 0.624687314
1755885526069550592.000000 0.520909846 0.704244435 0.007718123 -0.632768452 0.334329784 -0.312391013 0.624691665
1755885526569540352.000000 0.577079892 0.747974157 0.007748651 -0.634311676 0.330904663 -0.311768830 0.625260770
1755885527069517824.000000 0.634769917 0.793318570 0.007091845 -0.634839594 0.329918116 -0.310637981 0.625808954
1755885527569519360.000000 0.692476392 0.838068545 0.006680976 -0.635220408 0.330890805 -0.309980124 0.625234962
1755885528002845696.000000 0.742192030 0.878005445 0.006556906 -0.637552261 0.328326732 -0.309144884 0.624626458
1755885528402835200.000000 0.777828038 0.921216667 0.005264801 -0.653862298 0.292447746 -0.276752919 0.640582800
1755885528702823168.000000 0.805392265 0.954238772 0.005227153 -0.658640206 0.282603145 -0.268144548 0.643760145
1755885529036135424.000000 0.839103043 0.988817453 0.005629970 -0.657169580 0.283735067 -0.269738168 0.644099236
1755885529502806528.000000 0.886788428 1.038325787 0.004673078 -0.657607734 0.282472402 -0.269401550 0.644347966
1755885529869475840.000000 0.923205853 1.076763391 0.004016275 -0.661014616 0.275686830 -0.261790723 0.646932840
1755885530169475072.000000 0.953170598 1.109972119 0.004497210 -0.662421346 0.273162633 -0.259577185 0.647456467
1755885530536149504.000000 0.989704490 1.148950100 0.003852705 -0.661378920 0.274063736 -0.261340976 0.647431850
1755885530836151296.000000 1.016821623 1.182687283 0.003934225 -0.667367995 0.258335173 -0.244888961 0.654150128
1755885531069481728.000000 1.035171866 1.211555243 0.002996159 -0.674308717 0.240575135 -0.226377323 0.660442829
1755885531269481984.000000 1.052873135 1.234395981 0.003156855 -0.672913134 0.242444232 -0.229097217 0.660244823
1755885531602811392.000000 1.084008455 1.273611784 0.002715813 -0.672620177 0.244157508 -0.229915142 0.659627438
1755885531836138752.000000 1.105046749 1.301228166 0.002851141 -0.673687339 0.242192447 -0.226922214 0.660298824
1755885532069461760.000000 1.118221879 1.329619765 0.002970317 -0.681217968 0.214098275 -0.199671492 0.670995831
1755885532469460224.000000 1.150834203 1.381365418 0.002937091 -0.682244003 0.213764518 -0.198261142 0.670477748
1755885532836120064.000000 1.180379510 1.427056789 0.003331808 -0.681862235 0.213497177 -0.198595509 0.670852244
1755885533169443584.000000 1.200767636 1.469548345 0.002250056 -0.686965108 0.189036757 -0.176240966 0.679178357
1755885533702767104.000000 1.238344431 1.537067056 0.003524465 -0.684467196 0.189680696 -0.177435517 0.681206644
1755885534036086784.000000 1.261919379 1.580093145 0.003727401 -0.686534464 0.188370541 -0.174646735 0.680209935
1755885534302744320.000000 1.278033853 1.616820693 0.003327662 -0.690692544 0.176128343 -0.164205030 0.681879282
1755885534702727680.000000 1.304813504 1.669405699 0.003720982 -0.692266464 0.177312016 -0.164237618 0.679965973
1755885535036038144.000000 1.326350451 1.714067221 0.003515922 -0.693251669 0.172618553 -0.158669963 0.681490183
1755885535236032256.000000 1.336587667 1.742497921 0.002817010 -0.696915269 0.163691849 -0.150340036 0.681844592
1755885535536029440.000000 1.353728890 1.781221986 0.003409421 -0.695873439 0.163153216 -0.152546063 0.682547390
1755885536069345024.000000 1.378682137 1.853665709 0.003256441 -0.700131059 0.141267255 -0.130615398 0.687604368
1755885536369338624.000000 1.393646121 1.895480633 0.003406917 -0.699658155 0.141840279 -0.131184801 0.687859237
1755885536702661632.000000 1.412349820 1.942777753 0.003241268 -0.700700760 0.143518284 -0.130969971 0.686489582
1755885537102638592.000000 1.433088899 1.999543548 0.003009153 -0.700616598 0.143740281 -0.131860957 0.686358392
1755885537335973376.000000 1.445239544 2.030635357 0.003251346 -0.699411213 0.140564740 -0.130150124 0.688568473
1755885537535974144.000000 1.449366927 2.055540085 0.003992156 -0.701454818 0.116771050 -0.105667658 0.695097148
1755885537835970816.000000 1.463510275 2.098067760 0.003632191 -0.700580955 0.119059674 -0.106805839 0.695416212
1755885538069298944.000000 1.474638462 2.131610394 0.004494213 -0.701490879 0.119765751 -0.105760150 0.694536924
1755885538302872320.000000 1.484816194 2.164248705 0.004472071 -0.701161802 0.120605238 -0.106350906 0.694633722
1755885538670076416.000000 1.501170874 2.218110561 0.004598077 -0.701627672 0.120494448 -0.106822878 0.694109976
1755885538903784192.000000 1.511562347 2.250890255 0.004728673 -0.700406849 0.120603547 -0.106956303 0.695302367
1755885539104123904.000000 1.519064188 2.277737141 0.005420575 -0.699889660 0.119409524 -0.107320666 0.695972860
1755885539337541888.000000 1.530461669 2.311360836 0.005479649 -0.699595749 0.123044841 -0.110476322 0.695140898
1755885539570929408.000000 1.542811036 2.343722582 0.006100857 -0.698039234 0.129580647 -0.117962115 0.694287479
1755885539904340736.000000 1.558169365 2.391853094 0.006902495 -0.699853480 0.129083574 -0.117763475 0.692585230
1755885540237753600.000000 1.573362589 2.437368870 0.007776651 -0.700180292 0.127952352 -0.117026880 0.692589700
1755885540504483840.000000 1.585745335 2.475689173 0.007090670 -0.700533271 0.126998812 -0.116298810 0.692530990
1755885540737873920.000000 1.596744657 2.507968903 0.007716198 -0.701864421 0.126782849 -0.116578244 0.691174388
1755885541004604416.000000 1.609150529 2.544408083 0.007628513 -0.701168954 0.127810031 -0.116930060 0.691631496
1755885541271334400.000000 1.621130705 2.580743313 0.007770372 -0.701531947 0.126296818 -0.114897527 0.691882014
1755885541571406848.000000 1.633385301 2.619005442 0.008147779 -0.701069176 0.123080336 -0.112780318 0.693277657
1755885541804795392.000000 1.641870022 2.650123358 0.008226496 -0.700784504 0.121641159 -0.112024635 0.693941712
1755885542104866816.000000 1.656939030 2.689278126 0.007889996 -0.698236108 0.130513191 -0.121531464 0.693298519
1755885542338255360.000000 1.666491985 2.719794035 0.009109950 -0.697618186 0.128002107 -0.119625092 0.694718838
1755885542671666688.000000 1.681903720 2.763422251 0.010067253 -0.697801530 0.128183231 -0.117701195 0.694829881
1755885542938396416.000000 1.694543123 2.799545288 0.010331240 -0.698020279 0.128335521 -0.117977932 0.694535017
1755885543205126656.000000 1.708109498 2.837563992 0.010121142 -0.700044036 0.128889456 -0.116370924 0.692664206
1755885543505202688.000000 1.722326040 2.878027439 0.009849605 -0.700851619 0.129890710 -0.115859814 0.691745579
1755885543771939072.000000 1.734390378 2.914831400 0.010499674 -0.702054322 0.128777534 -0.114520125 0.690956771
1755885544072016128.000000 1.746916056 2.952100515 0.010299206 -0.701876163 0.126643851 -0.113193169 0.691750407
1755885544338747136.000000 1.757248163 2.987090826 0.010819896 -0.702402294 0.124328643 -0.111855134 0.691853940
1755885544605477376.000000 1.769386530 3.022011280 0.011183593 -0.700935483 0.122881018 -0.110238120 0.693856835
1755885544905547776.000000 1.781207442 3.063582659 0.011249388 -0.701911449 0.122159146 -0.110576071 0.692943335
1755885545338982656.000000 1.801261544 3.123648882 0.012351165 -0.702881217 0.123135149 -0.110376522 0.691818535
1755885545572370944.000000 1.811038852 3.155237913 0.012385138 -0.702654839 0.124204718 -0.111034013 0.691751957
1755885545872440832.000000 1.823699236 3.196221828 0.012703983 -0.702723086 0.124273732 -0.110835530 0.691702127
1755885546105828352.000000 1.833660841 3.227996588 0.013036233 -0.701860607 0.123894423 -0.111071073 0.692607462
1755885546372565504.000000 1.844117641 3.263550997 0.012443637 -0.701981723 0.122408949 -0.111257412 0.692718983
1755885546705987328.000000 1.857932448 3.308053970 0.012874883 -0.701898813 0.122269027 -0.111443035 0.692797899
1755885546972726016.000000 1.868206382 3.341974020 0.013867151 -0.700847447 0.121604651 -0.109880559 0.694227219
1755885547239461120.000000 1.878633857 3.378453255 0.014371036 -0.701249659 0.121908292 -0.110738911 0.693631232
1755885547472850688.000000 1.888627291 3.411247015 0.014631558 -0.702198684 0.123140514 -0.111789070 0.692283750
1755885547739582720.000000 1.901203871 3.448879719 0.014888535 -0.702791154 0.123542346 -0.111238219 0.691699326
1755885547972972288.000000 1.911253691 3.481398106 0.014667005 -0.704179823 0.124445528 -0.111460343 0.690087557
1755885548273046784.000000 1.926772118 3.524854422 0.014382996 -0.704154074 0.133951381 -0.121793061 0.686578870
1755885548539778816.000000 1.943650484 3.559800386 0.014399341 -0.700585246 0.147796750 -0.134418800 0.685031474
1755885548973219840.000000 1.965440273 3.616502523 0.014168628 -0.701005220 0.147668108 -0.133565873 0.684796333
1755885549273293824.000000 1.980888963 3.654468775 0.014200732 -0.699877322 0.147676706 -0.134171024 0.685829043
1755885549540025600.000000 1.994284749 3.689018250 0.014381876 -0.699422538 0.145062506 -0.131437257 0.687378526
1755885549906781440.000000 2.012414455 3.737254143 0.014932039 -0.698158860 0.145488977 -0.131659776 0.688529611
1755885550173512192.000000 2.026015520 3.770257473 0.015953556 -0.696638465 0.146360576 -0.131319061 0.689948380
1755885550573607936.000000 2.046696663 3.823053122 0.016395766 -0.696309566 0.147249162 -0.132769719 0.689813673
1755885550973704704.000000 2.068085670 3.876127720 0.016601607 -0.695213079 0.147416055 -0.133060321 0.690827250
1755885551240434176.000000 2.083056211 3.912911654 0.016671168 -0.696698606 0.148210078 -0.132929474 0.689184070
1755885551607186688.000000 2.104029179 3.963319778 0.017207824 -0.699129522 0.150511011 -0.133588612 0.686089277
1755885551940598272.000000 2.123176336 4.009757042 0.016181599 -0.700148940 0.150298268 -0.134175688 0.684980929
1755885552173987328.000000 2.136355877 4.040114403 0.016393725 -0.699600756 0.151568577 -0.135156929 0.685068250
1755885552440720640.000000 2.150934219 4.075842857 0.015983414 -0.698734403 0.152809337 -0.136138737 0.685482204
1755885552740796672.000000 2.167047739 4.115582466 0.016196240 -0.699284256 0.148167863 -0.131577834 0.686829865
1755885553007530240.000000 2.171456099 4.151463509 0.016159620 -0.704412997 0.114292525 -0.099629059 0.693407357
1755885553274263552.000000 2.174154997 4.189394951 0.015618210 -0.708249092 0.082783617 -0.068385705 0.697748959
1755885553540997632.000000 2.177574158 4.229770660 0.014823196 -0.710239232 0.070564233 -0.057594284 0.698042929
1755885553874414592.000000 2.186110020 4.276371479 0.015218127 -0.709689260 0.070655823 -0.057722826 0.698582232
1755885554274512896.000000 2.195058107 4.336035728 0.014888664 -0.708929002 0.069432430 -0.056308888 0.699591398
1755885554741288192.000000 2.207412243 4.401961803 0.016099762 -0.708562493 0.068303347 -0.054734614 0.700198591
1755885555208063232.000000 2.218026876 4.472412586 0.015621782 -0.710832775 0.067513973 -0.054730605 0.697970808
1755885555574816512.000000 2.225861073 4.526879787 0.016163271 -0.712610185 0.066988364 -0.054528344 0.696222663
1755885556074934016.000000 2.237751484 4.598927498 0.016425023 -0.713131011 0.066868797 -0.053922921 0.695747793
1755885556341663488.000000 2.235217333 4.634088039 0.016339500 -0.714092612 0.035402987 -0.024028553 0.698742449
1755885556575052288.000000 2.230590582 4.666748524 0.016147923 -0.715051115 0.007803952 0.003247694 0.699021101
1755885559208999168.000000 2.190615416 5.052711964 0.021007005 -0.714046538 -0.029393222 0.042804912 0.698169947
1755885562143032064.000000 2.144491434 5.477495670 0.023331808 -0.707324028 -0.022896118 0.032219775 0.705783546
1755885564276898304.000000 2.112238884 5.788396358 0.026439600 -0.711986542 -0.025278846 0.032621279 0.700979352
1755885566010638592.000000 2.102803946 6.042607307 0.028360723 -0.712006569 0.006314689 0.000937991 0.702143848
1755885567645551104.000000 2.100822449 6.273556709 0.030932572 -0.710916877 0.012112734 -0.003445399 0.703163385
1755885567979837184.000000 2.100420237 6.321532249 0.030855492 -0.711683273 0.010944270 -0.002153650 0.702412009
1755885568380643328.000000 2.113944530 6.380936623 0.030868698 -0.710388422 0.057604849 -0.045254435 0.699987173
1755885568848030208.000000 2.138200521 6.448024273 0.030044597 -0.704091012 0.111840427 -0.098146312 0.694344997
1755885569181907200.000000 2.161089420 6.493425369 0.030366983 -0.698334217 0.148993567 -0.135269195 0.686900675
1755885569581875200.000000 2.194007158 6.546617985 0.030223060 -0.690818548 0.188483745 -0.173432454 0.676139712
1755885570148437248.000000 2.235769749 6.615271091 0.030317117 -0.685605407 0.205886647 -0.189488262 0.672049284
1755885570681681408.000000 2.293630838 6.674969673 0.029232986 -0.666312516 0.266739249 -0.249300525 0.650174737
1755885571048272128.000000 2.339389801 6.709454060 0.028681789 -0.648568928 0.307394475 -0.289653957 0.633219957
1755885571414877184.000000 2.388063192 6.736238480 0.029330604 -0.629019499 0.343372494 -0.326511830 0.616295278
1755885571814812928.000000 2.445909977 6.760028839 0.027748942 -0.604153335 0.383508652 -0.367732733 0.593879282
1755885572114754560.000000 2.492306948 6.772918701 0.026903091 -0.584484577 0.412710935 -0.398108989 0.574070334
1755885572448032256.000000 2.544410944 6.780108452 0.026324559 -0.559603751 0.444100410 -0.429820716 0.552152812
1755885572714652160.000000 2.587944269 6.781655788 0.025162311 -0.540314913 0.469793290 -0.452844560 0.531305790
1755885573014589696.000000 2.594352484 6.777215481 0.025127966 -0.517942727 0.487591892 -0.476558566 0.516605735
1755885573281201920.000000 2.600887060 6.770697594 0.024793766 0.499092788 -0.512711048 0.495774448 -0.492180407
1755885573514496512.000000 2.603385925 6.765004635 0.026016956 0.477747738 -0.531600356 0.515610635 -0.472550392
1755885573747784960.000000 2.629769802 6.755474567 0.026153253 0.453014940 -0.548174977 0.537043512 -0.453724474
1755885573981068800.000000 2.669930220 6.739617825 0.022804096 0.429060578 -0.570860744 0.555235624 -0.426307857
1755885574181020928.000000 2.697386265 6.727819920 0.021767370 0.410495818 -0.582161844 0.569952905 -0.409554183
1755885574380993024.000000 2.728055000 6.712488651 0.022494052 0.391660839 -0.596876085 0.583050966 -0.387804508
1755885574614289408.000000 2.757459164 6.695336819 0.021023389 0.371193528 -0.617372096 0.592665911 -0.360297352
1755885574814253824.000000 2.750313282 6.694440365 0.021829816 0.350791931 -0.617712796 0.609747767 -0.351544648
1755885575114192640.000000 2.752150774 6.685601711 0.021654718 0.320960969 -0.637423813 0.623658597 -0.318943530
1755885575314161664.000000 2.751839876 6.680762768 0.021876646 0.299017400 -0.648281753 0.634104848 -0.297036022
1755885575514135552.000000 2.750089884 6.675695419 0.021523139 0.277151525 -0.657068729 0.644011438 -0.276942372
1755885575680778240.000000 2.749517679 6.671654701 0.021398038 0.258134961 -0.664535463 0.651792347 -0.258700073
1755885575847418624.000000 2.752456427 6.662097931 0.023665577 0.234210029 -0.664347827 0.667175293 -0.242208287
1755885575914072832.000000 2.759973049 6.651899338 0.022541964 0.229331836 -0.669197857 0.666772962 -0.234510198
1755885575980727552.000000 2.769131184 6.638897896 0.021496128 0.222396359 -0.677182794 0.664773047 -0.223696783
1755885576047382272.000000 2.776459217 6.625913143 0.021090928 0.213828191 -0.684279263 0.664098382 -0.212162152
1755885576214018816.000000 2.785636902 6.606351852 0.022181571 0.192963958 -0.682700813 0.676610351 -0.197187707
1755885576380663808.000000 2.797693253 6.580638885 0.021136461 0.174168974 -0.691033900 0.679016829 -0.176276654
1755885576547307008.000000 2.807916164 6.554168701 0.020802723 0.153634191 -0.695633888 0.683800936 -0.157817289
1755885576680620288.000000 2.813088417 6.535873890 0.021511910 0.137188450 -0.697274864 0.688842893 -0.143117726
1755885576813930496.000000 2.819218874 6.512892246 0.021457832 0.121424139 -0.702339411 0.689478874 -0.128819361
1755885576913912576.000000 2.823214531 6.497594833 0.022284551 0.109400615 -0.704223633 0.691764832 -0.116456509
1755885577013894144.000000 2.825668812 6.482155323 0.022224704 0.098131247 -0.704262018 0.694999874 -0.106585354
1755885577180527616.000000 2.835334063 6.456477642 0.021597188 0.101609610 -0.707090914 0.691380680 -0.108123958
1755885577447157504.000000 2.848121166 6.420201302 0.021572974 0.102399580 -0.705026805 0.693234980 -0.108981416
1755885577613799680.000000 2.855790854 6.395865440 0.021917319 0.100764520 -0.705926061 0.692542791 -0.109084919
1755885577747110144.000000 2.859371424 6.373905659 0.021184789 0.082387783 -0.709309876 0.694324911 -0.089469239
1755885577947074048.000000 2.863316059 6.343060017 0.021256816 0.062089875 -0.711853445 0.696125686 -0.069416419
1755885578080381696.000000 2.865005016 6.323084354 0.021578522 0.047941614 -0.712483108 0.697899103 -0.054829806
1755885578247017984.000000 2.869510412 6.298915386 0.021313630 0.048940416 -0.712882161 0.697263479 -0.056811295
1755885578480321280.000000 2.876618147 6.264570236 0.021194372 0.051333148 -0.713542104 0.696358740 -0.057508036
1755885578613634560.000000 2.879934549 6.246758938 0.021788057 0.051807631 -0.711588621 0.698188543 -0.059080314
1755885578780274688.000000 2.883481503 6.220415115 0.021294151 0.042353593 -0.712985933 0.698242068 -0.048117690
1755885578946912256.000000 2.883476734 6.192632675 0.020896416 0.022304265 -0.714538813 0.698657155 -0.028548419
1755885579146873088.000000 2.881434679 6.161572456 0.021667456 -0.001736538 -0.713900685 0.700228453 -0.004799372
1755885580815621376.000000 2.881263494 5.910182953 0.020598434 -0.016815579 -0.714481354 0.699385226 0.009696980
1755885581848524032.000000 2.877783775 5.754206181 0.020956649 -0.032704793 -0.714974940 0.698091507 0.020237263
1755885582181702656.000000 2.877396345 5.706963539 0.020990666 -0.029124694 -0.712654889 0.700684190 0.017790798
1755885582714824192.000000 2.877328396 5.627411842 0.019878155 -0.025292421 -0.713041604 0.700440526 0.017750321
1755885583181271552.000000 2.874874353 5.558372498 0.019767188 -0.033490457 -0.714544952 0.698319733 0.025563087
1755885585252154624.000000 2.854052782 5.259009361 0.020112967 -0.041693963 -0.713031650 0.699209869 0.030871950
1755885586785137664.000000 2.838852167 5.030099392 0.017519772 -0.043506227 -0.716997325 0.695108652 0.029086601
1755885589584410112.000000 2.825926781 4.635614872 0.017042832 -0.028933691 -0.712615907 0.700685918 0.019512881
1755885589917655296.000000 2.826538563 4.586988926 0.017674632 -0.026258240 -0.712725878 0.700717032 0.018109420
1755885591450557696.000000 2.827767849 4.369868755 0.019236065 -0.017132113 -0.710653245 0.703330040 0.002334751
1755885593983208960.000000 2.734313250 4.001708984 0.017755935 -0.177659675 -0.692192376 0.679650545 0.165475070
1755885596517468672.000000 2.582605124 3.661376476 0.016085995 -0.150855750 -0.697237849 0.687305152 0.136797473
1755885597584074752.000000 2.524599075 3.513454676 0.016416704 -0.150654629 -0.698018193 0.686749101 0.135828987
1755885600518869760.000000 2.390247107 3.101261139 0.015462704 -0.129419342 -0.705240965 0.687233686 0.116600618
1755885603453015552.000000 2.257099628 2.686720848 0.014863821 -0.155089438 -0.698438108 0.683810711 0.143298328
1755885606020266496.000000 2.104209423 2.343075752 0.012490490 -0.172155648 -0.696707606 0.677218080 0.162285909
1755885608587540992.000000 1.952164412 2.007834196 0.009768620 -0.167281941 -0.696879923 0.679255486 0.158073261
1755885610621331200.000000 1.830875516 1.744409442 0.010221969 -0.166588724 -0.694376767 0.682279348 0.156793162
1755885612621842688.000000 1.722663045 1.476481080 0.010700809 -0.138213053 -0.698882282 0.688902020 0.133696377
1755885613121958144.000000 1.696905613 1.404727697 0.010076312 -0.137212753 -0.701132238 0.687310994 0.131110251
1755885615255754496.000000 1.596281767 1.107377648 0.009251295 -0.128361374 -0.703614712 0.688458920 0.120308295
1755885616689393408.000000 1.532202959 0.905478179 0.009422364 -0.125668958 -0.704017580 0.689146459 0.116806827
1755885619223379968.000000 1.420200467 0.542725980 0.008724596 -0.121421464 -0.702671528 0.691479206 0.115612052
1755885622090729984.000000 1.306212544 0.132305339 0.005368669 -0.111180425 -0.702547252 0.695295930 0.103101119
1755885624958097664.000000 1.155146837 -0.270158440 0.005117405 -0.191786438 -0.688739479 0.674752295 0.183208421
1755885627261231872.000000 0.929048538 -0.512683094 0.005116495 -0.309840441 -0.639657021 0.639050722 0.294027358
1755885630161268224.000000 0.528804779 -0.586360872 0.004896962 -0.509848833 -0.498467833 0.498859137 0.492669821
1755885632761225728.000000 0.166984200 -0.574202359 0.006259715 -0.519569457 -0.484791994 0.488306135 0.506538749
1755885635327832832.000000 -0.084536195 -0.575898349 0.006773070 -0.514200747 -0.492672533 0.487424761 0.505260825
1755885637261149440.000000 -0.084307566 -0.535061061 0.011939017 -0.632729709 -0.326742053 0.324196756 0.622727334
1755885638061129472.000000 -0.075326435 -0.514893353 0.010554780 -0.670173228 -0.239251137 0.240541875 0.660126030
1755885639761102080.000000 -0.044045150 -0.480935127 0.010051450 -0.709307969 -0.046834543 0.057611190 0.700977743
1755885640294401024.000000 -0.037162155 -0.477138191 0.009819184 -0.710833013 -0.013958636 0.025918620 0.702744484
1755885640861052416.000000 -0.039640479 -0.448409289 0.010044191 -0.711368680 -0.016653825 0.029586310 0.701998532
1755885642161276672.000000 -0.036444191 -0.336251318 0.009186981 -0.715643823 0.020901248 -0.007251774 0.698114991
1755885642394765056.000000 -0.033948828 -0.297485828 0.008257075 -0.717414856 0.022757253 -0.007312176 0.696236014
1755885642828695808.000000 -0.033388846 -0.234389812 0.007660788 -0.717259824 0.020185538 -0.006957496 0.696478724
1755885643896233728.000000 -0.030000070 -0.128425092 0.006300810 -0.715423822 0.026136361 -0.012195628 0.698095322
1755885644396335872.000000 -0.017327745 -0.124982081 0.006700471 -0.711355090 0.082011588 -0.066491902 0.694857478
1755885644896438016.000000 -0.017764926 -0.125483483 0.006769114 -0.711306155 0.081363946 -0.066119969 0.695019245
1755885645396541440.000000 -0.008875111 -0.082869202 0.006347528 -0.709429145 0.083954953 -0.070611484 0.696186662
1755885645929997056.000000 -0.008990132 -0.083290279 0.006251621 -0.709901690 0.085158817 -0.071724176 0.695444703
1755885646430108672.000000 -0.007501354 -0.082768291 0.005966281 -0.709438622 0.090340100 -0.076430731 0.694761753
1755885646930209280.000000 -0.003594582 -0.083209522 0.006479775 -0.707174063 0.108031787 -0.093560100 0.692445338
1755885647463646976.000000 0.004553250 -0.054384798 0.005805763 -0.711635292 0.109555349 -0.094802134 0.687448561
1755885647963744768.000000 0.004941845 -0.054336533 0.006473358 -0.706111312 0.110362820 -0.096220478 0.692797661
1755885648463841536.000000 0.006405092 -0.054816492 0.006647553 -0.704536438 0.117817536 -0.103374764 0.692142427
1755885648997278464.000000 0.013575433 -0.054083928 0.007005287 -0.699506164 0.149311259 -0.133983195 0.685890496
1755885649530706944.000000 0.018752757 -0.054239720 0.006766651 -0.694754064 0.169686735 -0.154407114 0.681675613
1755885650064121856.000000 0.020940958 -0.049614664 0.007039842 -0.694478869 0.169580489 -0.153410569 0.682207286
1755885650564211968.000000 0.024830813 -0.039387785 0.008009049 -0.690073431 0.166266590 -0.154066458 0.687326431
1755885651064319488.000000 0.040542174 -0.007947224 0.006643990 -0.694619119 0.171337873 -0.155308023 0.681195319
1755885651597768704.000000 0.030862670 -0.009047370 0.006956257 -0.702525139 0.128028721 -0.112402946 0.690965056
1755885652164560896.000000 0.020628951 -0.009221075 0.006163250 -0.709286451 0.081387900 -0.067089878 0.696984828
1755885652698004736.000000 0.018768113 -0.010123461 0.006312046 -0.709887445 0.072807007 -0.058783878 0.698071241
1755885653231442944.000000 0.016715355 -0.010089607 0.005804596 -0.710751772 0.062676728 -0.048135564 0.698989689
1755885653764873472.000000 0.017026583 -0.009908890 0.005625051 -0.710821271 0.062614597 -0.048050005 0.698930383
1755885654264960768.000000 0.016863655 -0.009966635 0.005715019 -0.710842550 0.062566243 -0.048143461 0.698906660
1755885654798402816.000000 0.013262746 -0.010810720 0.006059648 -0.712463558 0.044481561 -0.030138884 0.699649036
1755885655298505216.000000 0.013432642 -0.010353390 0.005547249 -0.712251365 0.044225860 -0.029922217 0.699890614
1755885655831955968.000000 0.014374318 -0.010566290 0.006058842 -0.712069094 0.051153049 -0.037003551 0.699265122
1755885656332064256.000000 0.016273551 -0.009922836 0.005889826 -0.711096585 0.059010681 -0.044933684 0.699171185
1755885656865506304.000000 0.016582757 -0.010211986 0.005932983 -0.711225629 0.059122626 -0.044771567 0.699040830
1755885657365617152.000000 0.016399775 -0.010113670 0.005947082 -0.711188436 0.059155904 -0.044820879 0.699072719
1755885657865814528.000000 0.016408782 -0.010031533 0.005918585 -0.711167991 0.059121769 -0.044890594 0.699091971
1755885658399357696.000000 0.016368154 -0.009943879 0.005997977 -0.711258531 0.059068333 -0.044981644 0.698998511
1755885658899485184.000000 0.016453782 -0.009947462 0.005807536 -0.711184502 0.059156395 -0.044839550 0.699075520
1755885659399613952.000000 0.016380455 -0.009893198 0.005841996 -0.711179793 0.059194125 -0.044905469 0.699072957
1755885659933088512.000000 0.016347427 -0.009949630 0.005712894 -0.711108088 0.059220240 -0.044951130 0.699140728
1755885660466562048.000000 0.016347840 -0.010233717 0.005991475 -0.711207330 0.059186351 -0.044896279 0.699046135
1755885661000026368.000000 0.016382758 -0.010119965 0.005949851 -0.711200655 0.059146389 -0.044890974 0.699056685
1755885661500148224.000000 0.016279761 -0.010219428 0.005997099 -0.711207330 0.059190474 -0.044930551 0.699043572
1755885662033609728.000000 0.016442258 -0.010559764 0.006077499 -0.711206555 0.059166800 -0.044790216 0.699055374
1755885662533730304.000000 0.016365649 -0.010224260 0.005915187 -0.711185277 0.059163459 -0.044839066 0.699074209
1755885663033850112.000000 0.016447792 -0.010106412 0.005737433 -0.711140454 0.059128601 -0.044874009 0.699120522
1755885663533972480.000000 0.016456328 -0.010340186 0.005882110 -0.711176515 0.059245195 -0.044781733 0.699079871
1755885664067438592.000000 0.016436750 -0.009915571 0.005963657 -0.711221576 0.059184346 -0.044866484 0.699033678
1755885664567560448.000000 0.016227394 -0.010333665 0.006084213 -0.711243689 0.059256956 -0.044908367 0.699002385
1755885665101020672.000000 0.016416108 -0.010318995 0.005856181 -0.711168885 0.059163649 -0.044846881 0.699090362
1755885665634480384.000000 0.016466981 -0.010160657 0.005892484 -0.711179793 0.059140753 -0.044824444 0.699082613
1755885666167938816.000000 0.016301155 -0.010113088 0.005680866 -0.711137533 0.059218042 -0.044874545 0.699115872
1755885666668057856.000000 0.016371714 -0.010287322 0.005794659 -0.711141229 0.059144106 -0.044926122 0.699115038
1755885667201519104.000000 0.016327258 -0.010155497 0.005779213 -0.711127341 0.059269145 -0.044838723 0.699124157
1755885667734980608.000000 0.016463345 -0.010030305 0.005870968 -0.711193383 0.059177049 -0.044860668 0.699063420
1755885668235100928.000000 0.016398015 -0.010026914 0.005817089 -0.711180329 0.059177324 -0.044896144 0.699074328
1755885668768562688.000000 0.016426647 -0.010161741 0.005915192 -0.711203814 0.059193544 -0.044881959 0.699050069
1755885669268681472.000000 0.016286701 -0.010188553 0.005867935 -0.711188853 0.059234865 -0.044879753 0.699061871
1755885669802141696.000000 0.016393047 -0.010445772 0.006193118 -0.711264372 0.059202176 -0.044808872 0.698992312
1755885670335600384.000000 0.016353559 -0.010479894 0.006057718 -0.711183131 0.059185270 -0.044890959 0.699071229
1755885670869053696.000000 0.016190378 -0.010162555 0.005808367 -0.711160183 0.059113979 -0.045044970 0.699090600
1755885671402509312.000000 0.016287841 -0.010322981 0.006015142 -0.711195648 0.059141871 -0.044883307 0.699062645
1755885671902640640.000000 0.016337607 -0.010032750 0.005742678 -0.711165786 0.059134912 -0.044941530 0.699089825
1755885672436112128.000000 0.017053757 -0.003173936 0.006319772 -0.707517505 0.058008209 -0.044013232 0.702934504
1755885672969566720.000000 0.020641301 0.021312501 0.005745837 -0.712343276 0.060092613 -0.045560054 0.697768092
1755885673469682688.000000 0.020349752 0.021055764 0.005907538 -0.712555170 0.059991855 -0.045696553 0.697551429
1755885673969803264.000000 0.020202946 0.020906150 0.005003836 -0.717300296 0.059832335 -0.045013711 0.692729473
1755885674503265024.000000 0.018063044 -0.007339342 0.005766102 -0.710563600 0.061307121 -0.047199726 0.699366152
1755885675036724480.000000 0.018151157 -0.007130449 0.005866888 -0.711219132 0.061731648 -0.047146343 0.698665679
1755885675536846080.000000 0.021849975 0.021676291 0.006143312 -0.710913539 0.061670877 -0.047406577 0.698964477
1755885676103655168.000000 0.017873276 0.021330152 0.005760917 -0.713662267 0.043537758 -0.029506024 0.698512793
1755885676637111040.000000 0.017759139 0.021257835 0.005710021 -0.713769674 0.043266065 -0.029744502 0.698409796
1755885677170557440.000000 0.016859438 -0.006463281 0.005461989 -0.713403881 0.044556547 -0.030570284 0.698666632
1755885677704006144.000000 0.016552227 -0.007265809 0.005677096 -0.713211417 0.044529039 -0.030549750 0.698865831
1755885678237455872.000000 0.016800528 -0.006808691 0.005529549 -0.713287890 0.044404324 -0.030492427 0.698798239
1755885678770914816.000000 0.016666472 -0.007020776 0.005473106 -0.713222623 0.044515293 -0.030464850 0.698858976
1755885679271034112.000000 0.016433360 -0.007247791 0.005713508 -0.713266492 0.044454385 -0.030612048 0.698811591
1755885679804497664.000000 0.016659904 -0.007222832 0.005606835 -0.713224053 0.044427454 -0.030497659 0.698861599
1755885680304620800.000000 0.016531657 -0.007146133 0.005711895 -0.713288009 0.044593614 -0.030512396 0.698785126
1755885680838073856.000000 0.016414268 -0.007147223 0.005623632 -0.713256478 0.044516429 -0.030615527 0.698817730
1755885681371528448.000000 0.016529484 -0.006894398 0.005557274 -0.713266611 0.044479672 -0.030553490 0.698812425
1755885681904995840.000000 0.016577469 -0.007129954 0.005777086 -0.713328183 0.044453632 -0.030585581 0.698749840
1755885682405120768.000000 0.016458135 -0.007245665 0.005829236 -0.713278413 0.044525303 -0.030559398 0.698797286
1755885682938578176.000000 0.016694522 -0.006740501 0.005557327 -0.713266253 0.044573545 -0.030469665 0.698810518
1755885683438693632.000000 0.016619941 -0.006855370 0.005482184 -0.713246286 0.044401478 -0.030555272 0.698838115
1755885683972146944.000000 0.016606741 -0.006916760 0.005640629 -0.713306844 0.044510528 -0.030507272 0.698771417
1755885684472263936.000000 0.016462708 -0.006909417 0.005566188 -0.713292360 0.044471003 -0.030655777 0.698782265
1755885684972391168.000000 0.016625956 -0.007016623 0.005566854 -0.713263869 0.044458356 -0.030536149 0.698817313
1755885685505859328.000000 0.016641712 -0.006931867 0.005760112 -0.713345647 0.044498928 -0.030513749 0.698732316
1755885686039325184.000000 0.016831618 -0.006822809 0.005379048 -0.713222563 0.044433597 -0.030381963 0.698867857
1755885686539445760.000000 0.016473701 -0.007204027 0.005512174 -0.713219225 0.044470146 -0.030606255 0.698859096
1755885687072900864.000000 0.016436206 -0.007087224 0.005491003 -0.713227689 0.044438101 -0.030653335 0.698850453
1755885687606357760.000000 0.016523872 -0.007155376 0.005560974 -0.713237703 0.044501059 -0.030561876 0.698840261
1755885688139816448.000000 0.016559642 -0.007064619 0.005490215 -0.713252723 0.044411566 -0.030545160 0.698831379
1755885688639937280.000000 0.016588947 -0.007053053 0.005825215 -0.713321030 0.044503845 -0.030543005 0.698755801
1755885689173401600.000000 0.016489206 -0.007104365 0.005596497 -0.713255584 0.044523153 -0.030608378 0.698818505
1755885689673523968.000000 0.016561752 -0.007170946 0.005707407 -0.713272035 0.044523071 -0.030565942 0.698803544
1755885690173645824.000000 0.016583992 -0.006866261 0.005503554 -0.713267505 0.044585228 -0.030490572 0.698807538
1755885690673768192.000000 0.016582228 -0.006940508 0.005454029 -0.713236511 0.044495568 -0.030576004 0.698841155
1755885691207233024.000000 0.016520437 -0.007140401 0.005313957 -0.713090420 0.044482637 -0.030669549 0.698986948
1755885691774040832.000000 0.021722049 0.068094805 0.005955124 -0.713233352 0.039901663 -0.026538307 0.699286640
1755885692307508480.000000 0.027552571 0.146474689 0.005559195 -0.712795675 0.038739506 -0.028006706 0.699740827
1755885692874312448.000000 0.038274579 0.226248935 0.007315147 -0.708533466 0.059905645 -0.048065133 0.701485157
1755885693407774208.000000 0.069197752 0.307253182 0.006840056 -0.703457654 0.126950860 -0.111867607 0.690301716
1755885693907887616.000000 0.111756653 0.374418765 0.007318303 -0.691003084 0.186844707 -0.169053793 0.677513599
1755885694441340928.000000 0.167176217 0.437059253 0.006985346 -0.671267271 0.247958288 -0.229934946 0.659580886
1755885694974792448.000000 0.221164465 0.492004305 0.007629133 -0.662111580 0.262754261 -0.243614048 0.658195078
1755885695508245248.000000 0.271702588 0.547293007 0.007979020 -0.658715010 0.264182091 -0.243652090 0.661011338
1755885696008362240.000000 0.321508706 0.604984462 0.006578942 -0.660665035 0.264599979 -0.242590353 0.659286439
1755885696541822720.000000 0.371758461 0.665465176 0.007264244 -0.663678586 0.261382997 -0.241401628 0.657977939
1755885697075285504.000000 0.422361493 0.726686239 0.008062834 -0.664448380 0.262079895 -0.241392314 0.656926453
1755885697608751872.000000 0.472767830 0.790403843 0.006182034 -0.667064548 0.259965926 -0.241111189 0.655216098
1755885698142221312.000000 0.519526601 0.847940087 0.005962628 -0.666055799 0.256969184 -0.240807220 0.657532096
1755885698642344704.000000 0.573558152 0.900046945 0.004698080 -0.657400787 0.280363619 -0.265966803 0.646901965
1755885699142464768.000000 0.629512012 0.951000571 0.003682015 -0.647749782 0.306506515 -0.291757584 0.633523107
1755885699642583808.000000 0.689125955 0.995428979 0.003980936 -0.641656458 0.322128922 -0.306802511 0.624805689
1755885700176043264.000000 0.749161303 1.043333888 0.005915640 -0.641064227 0.323105305 -0.306686908 0.624966204
1755885700676159744.000000 0.820737600 1.076318383 0.006207649 -0.611311316 0.373582780 -0.358409554 0.598562419
1755885701209617408.000000 0.902003944 1.097920179 0.006969282 -0.575577617 0.425882876 -0.410509169 0.564638257
1755885701709740288.000000 0.982024133 1.103972077 0.007497614 -0.538988948 0.472870409 -0.456721991 0.526582897
1755885702209868032.000000 1.060726166 1.097734690 0.006638721 0.497549981 -0.515627384 0.499946713 -0.486442029
1755885702710875392.000000 1.137125373 1.089725018 0.006000679 0.488875240 -0.523463726 0.506896377 -0.479627907
1755885703245734400.000000 1.214473248 1.084585428 0.005592875 0.487249494 -0.523586929 0.508038878 -0.479938775
1755885703779368448.000000 1.295847058 1.079524279 0.004142048 0.487935305 -0.523360133 0.507451415 -0.480110735
1755885704346018304.000000 1.381512165 1.074604511 0.004124839 0.487291902 -0.524612546 0.507702470 -0.479131043
1755885704546472704.000000 1.412299991 1.072766423 0.004323846 0.488148332 -0.525682092 0.506736875 -0.478108078
1755885705047729152.000000 1.486238003 1.069333434 0.002253588 0.489010811 -0.526505888 0.505503595 -0.477625489
1755885705548513536.000000 1.488437772 1.077864766 0.003109332 -0.521988511 0.493097633 -0.473533988 0.510047376
1755885706081697280.000000 1.478579640 1.089815736 0.003534095 -0.563275456 0.443195194 -0.425976872 0.552125454
1755885706648198144.000000 1.468051195 1.100928903 0.004124478 -0.603601694 0.387752891 -0.370610148 0.589882135
1755885707181368320.000000 1.456649780 1.108619690 0.003953196 -0.634582937 0.333032668 -0.316324621 0.621556580
1755885707781194752.000000 1.445294857 1.117141008 0.003478167 -0.663907647 0.267658204 -0.252698958 0.650944769
1755885708347676160.000000 1.431518555 1.124185920 0.001992637 -0.685973823 0.204929084 -0.190521151 0.671673834
1755885708947545600.000000 1.416875124 1.126291633 0.000673377 -0.702832580 0.134788394 -0.120911129 0.687923670
1755885709514067200.000000 1.422574759 1.163740158 0.000561730 -0.707722306 0.113809064 -0.099862956 0.690075338
1755885710080587008.000000 1.443413138 1.243078113 0.000788191 -0.704637408 0.109068207 -0.098391779 0.694196880
1755885710680419328.000000 1.463831186 1.327958703 0.001448628 -0.705584168 0.098107018 -0.088939831 0.696143568
1755885711246912256.000000 1.482594132 1.412527561 0.000350663 -0.705646217 0.094882011 -0.086187400 0.696873486
1755885711846759680.000000 1.494060040 1.498399496 0.001019092 -0.709386051 0.070368543 -0.061477903 0.698598742
1755885712413264384.000000 1.508430004 1.581797719 0.000407918 -0.708964646 0.070789620 -0.060631499 0.699057758
1755885712979790336.000000 1.521585822 1.663984299 0.000763870 -0.710060060 0.071262509 -0.061090216 0.697856963
1755885713512979968.000000 1.534044385 1.740131259 0.002036276 -0.710220873 0.070629261 -0.059961643 0.697855651
1755885714046189056.000000 1.546186805 1.816417217 0.001853018 -0.710164964 0.070666373 -0.059065722 0.697985172
1755885714612704000.000000 1.558957219 1.899583101 0.002034598 -0.709955871 0.070249900 -0.058499355 0.698287547
1755885715179202048.000000 1.579893351 1.983332753 0.002668396 -0.707563102 0.094717942 -0.081822373 0.695476890
1755885715712386816.000000 1.598467112 2.059284449 0.002368080 -0.706788778 0.093997777 -0.080259427 0.696543336
1755885716245560064.000000 1.614347577 2.134923220 0.004095994 -0.704811811 0.092820197 -0.077738404 0.698985994
1755885716812067584.000000 1.631562233 2.216098547 0.004300791 -0.704227388 0.090374045 -0.075408503 0.700149953
1755885717378551040.000000 1.648210287 2.295546055 0.005246361 -0.704680681 0.087104432 -0.072883219 0.700375617
1755885717945075200.000000 1.663186312 2.377289772 0.006833599 -0.706100285 0.083871327 -0.070023224 0.699631929
1755885718511782144.000000 1.678451300 2.459469795 0.006445108 -0.706899583 0.081347749 -0.068192542 0.699303448
1755885719045768704.000000 1.691289663 2.532675266 0.006741555 -0.707107186 0.077367201 -0.065461852 0.699806035
1755885719579540480.000000 1.702034354 2.605542183 0.007549864 -0.707460046 0.071048751 -0.061892305 0.700443983
1755885720179536128.000000 1.715449333 2.688139200 0.007701052 -0.706141233 0.075083524 -0.067449346 0.700840712
1755885720746736384.000000 1.732539535 2.763819695 0.008964520 -0.706256926 0.079356551 -0.068835132 0.700118184
1755885721247531776.000000 1.764595628 2.835362673 0.009584215 -0.699531555 0.136440992 -0.122647703 0.690649688
1755885721314313728.000000 1.767724037 2.844394207 0.009786974 -0.700038552 0.134367749 -0.119969212 0.691012919
1755885721814504192.000000 1.792050600 2.910765648 0.009823926 -0.701222599 0.133645788 -0.118002638 0.690290570
1755885722314625792.000000 1.812537313 2.973696947 0.011002136 -0.701060951 0.126369447 -0.113913864 0.692508399
1755885722848085760.000000 1.836752772 3.046953678 0.011460962 -0.701624990 0.126542181 -0.114125483 0.691870511
1755885723381544704.000000 1.861571670 3.122768402 0.011916760 -0.704129100 0.127730772 -0.114138082 0.689100564
1755885723881673984.000000 1.883942962 3.189175367 0.012653130 -0.701804578 0.126604691 -0.112531021 0.691938162
1755885724381802752.000000 1.904790759 3.256954193 0.012892194 -0.701585412 0.125209436 -0.112929858 0.692349255
1755885724881939968.000000 1.925935507 3.323487997 0.013237867 -0.700599253 0.123464711 -0.111932911 0.693821490
1755885725415418880.000000 1.949058175 3.395881653 0.013808258 -0.701350212 0.122931801 -0.111707076 0.693193495
1755885725948871680.000000 1.973632812 3.471481085 0.013921130 -0.703720450 0.123781867 -0.110859476 0.690771878
1755885726448982784.000000 1.993182063 3.539638996 0.013813552 -0.706171036 0.118024662 -0.105067164 0.690183699
1755885726982432000.000000 1.999245882 3.611738443 0.012969578 -0.711079121 0.078400917 -0.066655561 0.695540667
1755885727482542080.000000 2.010338783 3.680430412 0.012619619 -0.709510088 0.075717986 -0.064148210 0.697672844
1755885728016007424.000000 2.018438101 3.751876593 0.013174867 -0.708009064 0.063988551 -0.052528843 0.701334059
1755885728516130560.000000 2.028453588 3.821255445 0.014834200 -0.706332147 0.063985378 -0.052540109 0.703022301
1755885729049592320.000000 2.039553404 3.898442745 0.015445465 -0.708576262 0.064976431 -0.051656213 0.700734913
1755885729583058688.000000 2.050336361 3.976789713 0.015013362 -0.711205363 0.066197425 -0.052161008 0.697914124
1755885730083190272.000000 2.062964201 4.049108505 0.015493797 -0.711757958 0.069560021 -0.053122990 0.696950495
1755885730616655872.000000 2.074040174 4.124861240 0.016440477 -0.711192667 0.070124045 -0.053285755 0.697458446
1755885731116770560.000000 2.084812641 4.198137760 0.016069792 -0.711461067 0.069751158 -0.055724934 0.697031319
1755885731616888320.000000 2.092739582 4.271678448 0.015874531 -0.713618159 0.054430701 -0.039387297 0.697305679
1755885732117009664.000000 2.098706961 4.343220711 0.016959455 -0.712296903 0.046408214 -0.031554729 0.699631155
1755885732650470400.000000 2.093976498 4.417254448 0.016663071 -0.711274683 0.009894394 0.002968948 0.702838361
1755885733183929344.000000 2.093852282 4.497187614 0.017068308 -0.714123785 0.009259116 0.003044546 0.699951589
1755885733717394176.000000 2.094299793 4.578156948 0.016846588 -0.717017472 0.010328687 0.004937226 0.696961224
1755885734284205568.000000 2.087489128 4.658661366 0.016557308 -0.715084791 -0.013593274 0.029471433 0.698283911
1755885736851486976.000000 2.053987980 5.039916992 0.020018008 -0.715403259 0.021807017 -0.005782761 0.698347449
1755885737384948480.000000 2.053054094 5.113970757 0.020542132 -0.711466432 0.014830258 -0.000834412 0.702563107
1755885737918418176.000000 2.051865578 5.190618515 0.020847410 -0.709137738 0.012210586 -0.000293867 0.704964280
1755885738451884800.000000 2.050674200 5.270056248 0.021668300 -0.708096325 0.011964148 0.000562927 0.706014335
1755885738985331712.000000 2.048741102 5.344797134 0.022191610 -0.707400978 0.006317365 -0.000124527 0.706784248
1755885740018931456.000000 2.050441027 5.494114876 0.025240149 -0.707783759 0.012571198 -0.005573001 0.706295371
1755885740519072000.000000 2.057199240 5.569106579 0.025875866 -0.709501266 0.032092199 -0.024026113 0.703562975
1755885741052542208.000000 2.060963154 5.648211956 0.026713202 -0.711036861 0.030709963 -0.023547897 0.702089131
1755885741552665600.000000 2.064313412 5.719533920 0.026949290 -0.713904023 0.027951539 -0.020576160 0.699382961
1755885742052778240.000000 2.068061352 5.788205624 0.028103493 -0.711925209 0.026408490 -0.017353123 0.701544046
1755885742586236928.000000 2.069527149 5.865352154 0.027970262 -0.711324215 0.022888288 -0.015158893 0.702327669
1755885743086366208.000000 2.071576834 5.938979626 0.028279524 -0.713413894 0.020843007 -0.012177536 0.700327039
1755885743619836928.000000 2.075360298 6.017016411 0.027718304 -0.711428583 0.031349782 -0.023809388 0.701654971
1755885744153308416.000000 2.080241919 6.091711998 0.029143684 -0.711116195 0.027902819 -0.018105038 0.702287316
1755885744653438208.000000 2.082081556 6.161315918 0.029761666 -0.711104214 0.022187233 -0.012657126 0.702622533
1755885745153568256.000000 2.087911367 6.231709003 0.030451320 -0.710681677 0.035977721 -0.027582619 0.702051580
1755885745653696000.000000 2.092079878 6.301419735 0.030984782 -0.709315121 0.033987191 -0.024900028 0.703631222
1755885746187162880.000000 2.097100019 6.377306938 0.031407572 -0.710912943 0.033901557 -0.022863856 0.702090263
1755885746687287552.000000 2.101197481 6.449042797 0.032003626 -0.711737752 0.034585427 -0.023245087 0.701208234
1755885747220752640.000000 2.104200125 6.525666714 0.031022271 -0.713507831 0.034054592 -0.023264924 0.699432313
1755885747720878080.000000 2.109717131 6.596545696 0.031573292 -0.714457035 0.032549847 -0.019593718 0.698647082
1755885748221005312.000000 2.111843824 6.666503906 0.031146081 -0.713101745 0.032734569 -0.020449882 0.699997306
1755885748787809536.000000 2.113122225 6.745423317 0.030991480 -0.714609325 0.029074335 -0.017249878 0.698706448
1755885749321268992.000000 2.117982864 6.819711208 0.030474650 -0.712705851 0.044150311 -0.031764805 0.699351311
1755885749821391360.000000 2.130112648 6.827874660 0.031733550 -0.708009422 0.095253557 -0.080627255 0.695088923
1755885750321514496.000000 2.142416239 6.829958916 0.031162065 -0.698005795 0.154727131 -0.139551684 0.685107827
1755885750821627648.000000 2.156111717 6.828279972 0.030691637 -0.683181822 0.211852491 -0.196202278 0.670735300
1755885751355079424.000000 2.169692039 6.826213837 0.030670896 -0.662739813 0.271738738 -0.255215824 0.649460435
1755885751888546560.000000 2.182774067 6.820159435 0.029756449 -0.636915684 0.328458875 -0.310990542 0.624290109
1755885752355330560.000000 2.193686008 6.813297272 0.029976981 -0.609644711 0.377703398 -0.360783160 0.596245885
1755885752888786176.000000 2.204257965 6.803954601 0.029266678 -0.573064089 0.431124717 -0.412404746 0.561828554
1755885753322218240.000000 2.213237762 6.796195507 0.029058903 -0.541694641 0.471561134 -0.452065051 0.528993607
1755885753722316800.000000 2.217679739 6.787278175 0.028164839 -0.508335352 0.505151451 -0.487267613 0.498986542
1755885754189099520.000000 2.225130320 6.774876118 0.027644329 0.465196729 -0.540787697 0.527036250 -0.461923718
1755885754722560256.000000 2.300740719 6.763891697 0.026527639 0.464565635 -0.542172790 0.528425694 -0.459340632
1755885755222674944.000000 2.327408314 6.752099514 0.025344770 0.438995987 -0.567273617 0.547856927 -0.430506766
1755885755656763648.000000 2.329495192 6.741630554 0.025477329 0.396383911 -0.597375393 0.578483760 -0.389074683
1755885756057902080.000000 2.330135345 6.732976913 0.024985826 0.355318576 -0.622440636 0.604158759 -0.348293871
1755885756458906624.000000 2.329215050 6.724741936 0.025325218 0.312227130 -0.643846929 0.627071381 -0.307826072
1755885756892232960.000000 2.327891588 6.714985847 0.024367116 0.264293343 -0.664764762 0.648477256 -0.260219395
1755885757425542656.000000 2.322373629 6.703733444 0.026449077 0.204338223 -0.685115635 0.669861913 -0.200368375
1755885757892189696.000000 2.320458889 6.692383766 0.023769723 0.148925602 -0.698319674 0.684241474 -0.148271829
1755885758358821888.000000 2.310264587 6.685303211 0.023123497 0.095231630 -0.707262099 0.693940818 -0.095695056
1755885758859080960.000000 2.299798250 6.682092667 0.023299919 0.034368493 -0.712774813 0.699547410 -0.037474126
1755885759292673792.000000 2.293089390 6.671644211 0.024525650 0.005284648 0.704309702 -0.709872544 -0.000942100
1755885759826066176.000000 2.294263601 6.583928108 0.023881750 -0.006763699 -0.711354971 0.702796638 0.002304314
1755885760392679680.000000 2.290963888 6.495025158 0.022727843 -0.019261276 -0.712745368 0.701003790 0.014723967
1755885760959300864.000000 2.288479567 6.408284187 0.023315744 -0.021355931 -0.713826120 0.699803710 0.016466646
1755885763159074048.000000 2.277475834 6.074714184 0.022293290 -0.026595581 -0.715728700 0.697671592 0.016717888
1755885763759029248.000000 2.275397778 5.986722469 0.020800430 -0.026494512 -0.715018094 0.698404551 0.016682455
1755885764925609984.000000 2.272305012 5.817257881 0.019937662 -0.027149778 -0.714507103 0.698908925 0.016395036
1755885765458883328.000000 2.272512197 5.738738537 0.019594869 -0.025103629 -0.715410888 0.698083580 0.015378485
1755885766025508864.000000 2.265032053 5.657755375 0.019843571 -0.048867553 -0.713408470 0.698045611 0.037318822
1755885766625451520.000000 2.259703159 5.572360992 0.019782055 -0.044983204 -0.713656664 0.698240757 0.033624075
1755885767792019456.000000 2.248602629 5.398234844 0.017204398 -0.041389395 -0.717162132 0.694800079 0.034903254
1755885768358643456.000000 2.243354321 5.314996719 0.016894754 -0.041201040 -0.717551947 0.694439828 0.034278147
1755885768891968768.000000 2.237617731 5.236092567 0.015521025 -0.041617181 -0.718968630 0.692916155 0.034918789
1755885769458617344.000000 2.233428955 5.155793190 0.015003199 -0.039369266 -0.718175292 0.694030523 0.031558473
1755885771658676992.000000 2.217020035 4.846975327 0.014947738 -0.044020806 -0.712819576 0.698905885 0.038484264
1755885772226184192.000000 2.210792303 4.763516903 0.014576679 -0.043561596 -0.714819014 0.696979225 0.036825910
1755885774360162304.000000 2.182517290 4.453677654 0.015529161 -0.051561598 -0.710606873 0.700217247 0.045553278
1755885774860390912.000000 2.175909996 4.375924110 0.015100731 -0.051190976 -0.714549422 0.696210325 0.045714289
1755885776460967680.000000 2.157689810 4.143062592 0.015110716 -0.049253311 -0.712321460 0.698773682 0.043447074
1755885778594802176.000000 2.131612539 3.825776815 0.014821643 -0.048031218 -0.714664161 0.696539640 0.042199038
1755885781262144256.000000 2.092963934 3.427929163 0.014261078 -0.049283534 -0.709887028 0.701373518 0.041314062
1755885781762268160.000000 2.085683107 3.349941492 0.013981096 -0.049042672 -0.711463094 0.699805856 0.041071516
1755885782262392064.000000 2.078487396 3.272707224 0.014215255 -0.049115814 -0.712262392 0.698998153 0.040883772
1755885782829199360.000000 2.070165157 3.188032627 0.013923643 -0.049487449 -0.713169813 0.698169589 0.038717352
1755885785396567296.000000 2.018637657 2.808779716 0.012644403 -0.070966020 -0.711079776 0.696871936 0.060819387
1755885787463737344.000000 1.987145424 2.507080793 0.011772696 -0.058775663 -0.713208199 0.696653128 0.050537571
1755885788463990016.000000 1.972860098 2.359475374 0.010968376 -0.057572410 -0.714294970 0.695837021 0.047739007
1755885791131262208.000000 1.975439429 2.139641285 0.008259028 0.059606742 -0.714818776 0.693588436 -0.066455156
1755885791631372800.000000 1.986244440 2.149184227 0.008781519 0.118642345 -0.707659721 0.685418725 -0.123866931
1755885792164834048.000000 1.994418025 2.160813808 0.008311065 0.178537279 -0.694272101 0.672756374 -0.183056310
1755885792664952832.000000 2.001069546 2.173074722 0.008512530 0.235182539 -0.676886141 0.655441225 -0.238560751
1755885793198410496.000000 2.003973007 2.186751127 0.007702777 0.293019325 -0.653017104 0.633046269 -0.294891119
1755885793698528256.000000 2.004036427 2.194870949 0.004057616 0.346315503 -0.626633584 0.605785966 -0.347014934
1755885794165305344.000000 2.002906561 2.205178022 0.002599884 0.391332030 -0.598027170 0.578515589 -0.393118829
1755885794432036096.000000 2.002084494 2.211597681 0.002454998 0.417849094 -0.579730988 0.560254991 -0.418841779
1755885794765446656.000000 2.000759602 2.216969013 0.003688555 0.432229400 -0.564552724 0.550842643 -0.437070340
1755885795032176128.000000 2.042244911 2.211626768 0.002853984 0.439713329 -0.567313373 0.543210685 -0.435580045
1755885795332245248.000000 2.077051163 2.207861900 0.001117025 0.437935293 -0.569288552 0.544662118 -0.432974100
1755885795832364032.000000 2.072591782 2.215054512 0.001610490 0.461722404 -0.544213414 0.526341975 -0.462177932
1755885796232459776.000000 2.068324566 2.224983454 0.002489209 0.496600389 -0.511387229 0.494501531 -0.497332335
1755885796699240192.000000 2.060261250 2.237161875 0.004136128 -0.534413576 0.471002012 -0.454832345 0.534496665
1755885797099340032.000000 2.053644419 2.245853662 0.004001891 -0.565172613 0.434913218 -0.417880833 0.562855303
1755885797532781568.000000 2.042180777 2.248157740 0.000642849 -0.595438957 0.391497195 -0.375322878 0.592718422
1755885797666148864.000000 2.037725925 2.248539448 -0.000496134 -0.604590476 0.378796697 -0.361657023 0.600156367
1755885797866199040.000000 2.032310724 2.250818014 -0.001261011 -0.616148591 0.359480143 -0.342330068 0.611510515
1755885797999566080.000000 2.028515100 2.252238274 -0.001597524 -0.624170065 0.344962001 -0.328721106 0.619157076
1755885798099591680.000000 2.025825739 2.254697561 -0.001572471 -0.629676640 0.334037781 -0.318908155 0.624678850
1755885798232958208.000000 2.021987438 2.256796837 -0.001958563 -0.637281895 0.319743305 -0.305077881 0.631318927
1755885798366325504.000000 2.018440962 2.258509636 -0.002554832 -0.644533575 0.305311978 -0.290679395 0.637860954
1755885798499692800.000000 2.014313698 2.260098457 -0.001908612 -0.650892019 0.291217953 -0.276615441 0.644217134
1755885798799765760.000000 2.004685879 2.260812044 -0.003918418 -0.663661063 0.259152770 -0.245256603 0.657451928
1755885798899790848.000000 2.001605034 2.260741234 -0.005129557 -0.667611003 0.248443857 -0.235101894 0.661285400
1755885798999815424.000000 1.998703599 2.261374950 -0.005666590 -0.671556056 0.237637520 -0.224674240 0.664877772
1755885799266547200.000000 1.999741554 2.259875059 -0.003365473 -0.681471825 0.204494417 -0.190432921 0.676397502
1755885799366571776.000000 1.997344494 2.260751963 -0.003462478 -0.684808135 0.192608118 -0.178833306 0.679675400
1755885799433255168.000000 1.995674372 2.261304140 -0.003563158 -0.687076032 0.184569463 -0.170978367 0.681635559
1755885799533434624.000000 1.992970467 2.262012243 -0.003712225 -0.689829588 0.172986731 -0.160066992 0.684535801
1755885799633697792.000000 1.990166068 2.262788296 -0.003854184 -0.692059517 0.162237987 -0.149816304 0.687231839
1755885799700542208.000000 1.988218069 2.263654709 -0.004854241 -0.693947554 0.154259071 -0.143054754 0.688604653
1755885799834237696.000000 1.984077930 2.264657021 -0.005483162 -0.697378933 0.138276845 -0.127461433 0.691589236
1755885799934513408.000000 1.980820298 2.264752865 -0.005740237 -0.699316382 0.125902325 -0.115527399 0.694088399
1755885800068222976.000000 1.976790547 2.265589237 -0.006461428 -0.702308118 0.109834500 -0.100129165 0.696185291
1755885800302233600.000000 1.970613003 2.265311718 -0.006728686 -0.705826700 0.081530698 -0.072761595 0.699905157
1755885800402530304.000000 1.967730522 2.264976263 -0.006846475 -0.706428409 0.070820205 -0.062362716 0.701465905
1755885800502732288.000000 1.965692043 2.267402887 -0.006325487 -0.703693986 0.060264714 -0.052952893 0.705959618
1755885800669400576.000000 1.967716336 2.290719271 -0.005969751 -0.704876006 0.056622859 -0.049624983 0.705323398
1755885800769400576.000000 1.970318437 2.311701775 -0.006775427 -0.709556043 0.056822430 -0.048500936 0.700677574
1755885801036063744.000000 1.976036787 2.350907803 -0.005601049 -0.705936193 0.060644075 -0.052703533 0.703703642
1755885801236059136.000000 1.987478733 2.384531736 -0.005259097 -0.703681648 0.084842913 -0.075574480 0.701371849
1755885801469382912.000000 1.993122697 2.419803143 -0.004591806 -0.703948021 0.081305854 -0.073468842 0.701747000
1755885801636047616.000000 1.998249054 2.445817471 -0.004590422 -0.704116523 0.081470944 -0.074206412 0.701481164
1755885801902706176.000000 2.007179260 2.486161709 -0.003624377 -0.704286635 0.082511447 -0.073456347 0.701267719
1755885802102697728.000000 2.014225006 2.518737316 -0.003556329 -0.706386268 0.082556687 -0.072252557 0.699272811
1755885802336016896.000000 2.021104336 2.553071499 -0.002746201 -0.706372678 0.082137242 -0.071934186 0.699368715
1755885802569343744.000000 2.028178453 2.588030338 -0.001897743 -0.706776440 0.082203455 -0.071100697 0.699038267
1755885802836012800.000000 2.032670259 2.628374338 -0.002007692 -0.708996892 0.065484107 -0.056346849 0.699900210
1755885805835988736.000000 1.911718488 2.978944302 -0.024841983 -0.705749810 0.064155549 -0.052524272 0.703592539
1755885806369315328.000000 1.931191802 3.022715569 -0.026265237 -0.706347525 0.062466789 -0.052477498 0.703148067
1755885806869323520.000000 1.947094083 3.098906994 -0.023811087 -0.704514802 0.059544254 -0.051738705 0.705291808
1755885807269325056.000000 1.957590699 3.159894466 -0.022893149 -0.706496656 0.057291478 -0.049619038 0.703646302
1755885807835980032.000000 1.975365996 3.252507925 -0.023579111 -0.708820999 0.056231998 -0.046692513 0.701591492
1755885808369283584.000000 1.988127947 3.338044167 -0.025211450 -0.710445046 0.055252675 -0.046439555 0.700041652
1755885808935927040.000000 2.001289129 3.426671505 -0.023450613 -0.710599601 0.052784376 -0.043901201 0.700239062
1755885809502560256.000000 2.016329527 3.515558481 -0.021350428 -0.711049736 0.051329818 -0.042296197 0.699989021
1755885810002569728.000000 2.026988745 3.593991041 -0.020468339 -0.710731804 0.049937721 -0.040011626 0.700546622
1755885810535898112.000000 2.037902594 3.675348282 -0.017484248 -0.707002759 0.048431188 -0.037595339 0.704548180
1755885811069210368.000000 2.051044941 3.756053448 -0.011385367 -0.706452250 0.045190699 -0.034251306 0.705485582
1755885811635855104.000000 2.080719471 3.847195148 -0.004371043 -0.709925473 0.042725533 -0.029625267 0.702355146
1755885812202531584.000000 2.141744375 3.957624197 0.007155058 -0.712162554 0.038037099 -0.024823716 0.700543702
1755885812769193472.000000 2.189636469 4.057051182 0.013719815 -0.714816093 0.032651585 -0.020076640 0.698261261
1755885813302506240.000000 2.192488909 4.131619453 0.014635502 -0.712969720 0.030320961 -0.018910626 0.700283647
1755885813869154560.000000 2.196903467 4.215776920 0.015070772 -0.712858319 0.029792603 -0.018140770 0.700440168
1755885814435791872.000000 2.212441444 4.302216530 0.014902032 -0.710875750 0.067474864 -0.055135895 0.697898924
1755885814969105408.000000 2.222437143 4.377352715 0.015209507 -0.709324002 0.063891292 -0.052354310 0.700026035
1755885815535819008.000000 2.235306501 4.461528778 0.016474962 -0.710964918 0.063386731 -0.051728129 0.698451996
1755885816103291648.000000 2.247313499 4.547243118 0.015892386 -0.713640511 0.061674435 -0.051044486 0.695922375
1755885816670607616.000000 2.259230852 4.627524376 0.016534835 -0.712843478 0.063014172 -0.053098518 0.696465373
1755885817204067840.000000 2.270284414 4.702645302 0.016993709 -0.710829377 0.062365655 -0.051855292 0.698672473
1755885817737522176.000000 2.280425787 4.779103279 0.017210698 -0.710131943 0.062064331 -0.053047795 0.699318767
1755885818270971392.000000 2.291383743 4.858283043 0.018410075 -0.710657537 0.063438579 -0.053961873 0.698591113
1755885818804420352.000000 2.303594112 4.938140869 0.019156009 -0.714072526 0.063777894 -0.051649943 0.695244670
1755885819337869568.000000 2.314699888 5.016365528 0.018465303 -0.713013828 0.064577162 -0.051186167 0.696290970
1755885819837981440.000000 2.322874784 5.086550713 0.019445393 -0.708774626 0.063595779 -0.053283293 0.700539112
1755885820371435520.000000 2.333478212 5.163016319 0.021361284 -0.706527054 0.062970027 -0.052637469 0.702910900
1755885820904901632.000000 2.344442844 5.243336201 0.020960793 -0.706283748 0.063121282 -0.056023519 0.702880144
1755885821471716096.000000 2.354878902 5.327174187 0.022685792 -0.707547188 0.062995866 -0.056208555 0.701604664
1755885822005168640.000000 2.366029978 5.404771328 0.023788061 -0.706741452 0.061853517 -0.054013845 0.702690005
1755885822505280512.000000 2.376782179 5.477245331 0.025148347 -0.705935121 0.062624805 -0.054404024 0.703401744
1755885823005402880.000000 2.387000561 5.550487995 0.025696395 -0.706259310 0.060796093 -0.051610962 0.703447223
1755885823572208896.000000 2.399441004 5.637281418 0.025334839 -0.711490571 0.060956977 -0.050923783 0.698192120
1755885824105675776.000000 2.410261393 5.713036537 0.026769400 -0.710725725 0.060889479 -0.050562624 0.699002743
1755885824639138816.000000 2.420800686 5.788443089 0.027086254 -0.710730553 0.058939647 -0.046803113 0.699426711
1755885825139252736.000000 2.429146528 5.859767914 0.027989864 -0.711113572 0.055524305 -0.044981014 0.699436426
1755885825639367680.000000 2.438735485 5.930679798 0.028170243 -0.710786283 0.055524178 -0.043889441 0.699838400
1755885826206168576.000000 2.448341846 6.011987686 0.028282937 -0.710366905 0.053496208 -0.042495891 0.700507760
1755885826772967168.000000 2.455005884 6.089389324 0.029182235 -0.709676623 0.037399624 -0.026221376 0.703045487
1755885827273079040.000000 2.459831953 6.162221909 0.028595895 -0.710195363 0.039087094 -0.029547915 0.702297509
1755885827773208320.000000 2.466330767 6.236183643 0.027923560 -0.712089300 0.041068271 -0.030133121 0.700238705
1755885828306696448.000000 2.472448349 6.313299179 0.026901431 -0.712407768 0.041499838 -0.031600136 0.699824572
1755885828807583232.000000 2.478508472 6.383167744 0.028144415 -0.713804901 0.041165866 -0.030597109 0.698463917
1755885829309002752.000000 2.484118462 6.454465866 0.027849074 -0.714056849 0.040459830 -0.029868178 0.698279142
1755885829842898432.000000 2.489514112 6.527755737 0.027613204 -0.713444412 0.038782921 -0.028198531 0.699069262
1755885830409556992.000000 2.494923115 6.607562065 0.027489079 -0.714037716 0.036425252 -0.026876586 0.698642254
1755885830976213504.000000 2.499276638 6.687602520 0.027137250 -0.713346481 0.035805956 -0.025371237 0.699436307
1755885831509520896.000000 2.504052401 6.761860847 0.028223570 -0.712951779 0.035822500 -0.023613881 0.699899197
1755885832042849792.000000 2.508633614 6.834976673 0.028608181 -0.712206304 0.035026483 -0.023309350 0.700708270
1755885832576167424.000000 2.517505169 6.858018398 0.028397065 -0.709752440 0.073096491 -0.062060013 0.697894692
1755885833076170240.000000 2.530641556 6.860420227 0.027797464 -0.700769961 0.131950080 -0.119717039 0.690781176
1755885833609497088.000000 2.544663906 6.861366272 0.028136436 -0.686819077 0.194390118 -0.181620434 0.676391900
1755885834142829568.000000 2.558357954 6.858421326 0.027452102 -0.666906714 0.255062878 -0.241035178 0.657328308
1755885834709491456.000000 2.573189497 6.853660583 0.027482286 -0.640185297 0.318011850 -0.302693993 0.630402744
1755885835242828032.000000 2.586487293 6.847171307 0.027203478 -0.609597504 0.373879433 -0.358184427 0.600257397
1755885835776156160.000000 2.597534418 6.836011887 0.026611364 -0.573669314 0.426383615 -0.410051525 0.566531777
1755885836309473536.000000 2.607783079 6.823354244 0.025208753 -0.533983231 0.475766003 -0.457885087 0.528062403
1755885836809478912.000000 2.614662647 6.811384678 0.023979174 0.491938502 -0.518330395 0.501400054 -0.487778813
1755885837376159744.000000 2.619366407 6.796871185 0.023845453 0.440593302 -0.562343121 0.545659244 -0.438068181
1755885837909491712.000000 2.623924017 6.783706188 0.023623917 0.389104307 -0.600406528 0.582440436 -0.385840744
1755885838476137728.000000 2.624679565 6.770318031 0.024696197 0.329770088 -0.635043919 0.616784513 -0.327944845
1755885839009465600.000000 2.624381304 6.766520023 0.022697866 0.318464279 -0.640776157 0.622440100 -0.317103624
1755885839576112640.000000 2.675061226 6.729688168 0.022941953 0.316288829 -0.641473830 0.623787045 -0.315218031
1755885840109443072.000000 2.696427822 6.712370396 0.021321809 0.306799680 -0.645580947 0.629138410 -0.305424392
1755885840642765056.000000 2.694436073 6.698699474 0.021220792 0.247689709 -0.669806063 0.654520214 -0.248219714
1755885841176092416.000000 2.688737154 6.686625004 0.021135354 0.185833752 -0.689267337 0.674518704 -0.188151360
1755885841709412352.000000 2.680598021 6.676345825 0.021868924 0.122472167 -0.703130901 0.689004779 -0.126015767
1755885842242727936.000000 2.670361280 6.667243958 0.021818841 0.060180169 -0.710718691 0.697880507 -0.064963005
1755885842842701568.000000 2.657680035 6.660618782 0.022486838 -0.009539796 -0.711147368 0.702970088 0.003398824
1755885843475991808.000000 2.656431913 6.572513103 0.023134802 -0.016968906 -0.712353468 0.701531827 0.010852676
1755885844075974912.000000 2.642102718 6.478157043 0.022968480 -0.053901259 -0.711235881 0.699295104 0.047166139
1755885844609431808.000000 2.634135962 6.399839401 0.023204101 -0.052945428 -0.710182309 0.700532377 0.045742210
1755885845143548672.000000 2.634566069 6.320735455 0.021868527 -0.028110869 -0.712510228 0.700715542 0.023167450
1755885845644176640.000000 2.623982906 6.243090630 0.022533830 -0.056222763 -0.710793555 0.699364543 0.050008018
1755885846177635584.000000 2.617243767 6.165349007 0.022476587 -0.052085888 -0.711317241 0.699510396 0.044722848
1755885846677754112.000000 2.611050844 6.087630272 0.022163378 -0.052339878 -0.713775754 0.696813166 0.047287505
1755885847744674048.000000 2.604839563 5.932826519 0.020899642 -0.037850682 -0.714331985 0.698121309 0.030392986
1755885848244796928.000000 2.602340460 5.857477665 0.020324459 -0.035398897 -0.714063525 0.698556900 0.029639751
1755885848811603200.000000 2.599942923 5.773997307 0.019850256 -0.032568887 -0.714848459 0.698012292 0.026642457
1755885849345068288.000000 2.598588467 5.697245598 0.019786369 -0.029866720 -0.713842034 0.699288309 0.023095198
1755885850411994112.000000 2.593439817 5.540870667 0.019866841 -0.037269887 -0.713311017 0.699195147 0.030406857
1755885850945456128.000000 2.590815783 5.463487625 0.019806966 -0.034610316 -0.714435160 0.698335767 0.026678119
1755885851445577216.000000 2.586397171 5.390971184 0.019892322 -0.035711929 -0.714790642 0.697983384 0.024864187
1755885854179587072.000000 2.574589014 4.999382019 0.015965383 -0.031793695 -0.719542563 0.693495929 0.017641483
1755885855246508800.000000 2.568716288 4.849325657 0.014967417 -0.043748993 -0.713595271 0.698462486 0.031906970
1755885855746626560.000000 2.557240725 4.777826309 0.015723800 -0.066710375 -0.709423721 0.699364543 0.056186896
1755885856246740736.000000 2.547516823 4.707192898 0.016953245 -0.067139514 -0.708481669 0.700200200 0.057146765
1755885856813543680.000000 2.538594961 4.623761177 0.016612154 -0.058128249 -0.710783541 0.699565172 0.044905175
1755885857380350976.000000 2.531119585 4.541551590 0.016361637 -0.049409810 -0.712238967 0.699263394 0.036126688
1755885859014092032.000000 2.517147064 4.299593449 0.016368119 -0.043267339 -0.712942958 0.699247360 0.029890977
1755885861681380096.000000 2.491503000 3.907148123 0.015561823 -0.047682606 -0.713909805 0.697751641 0.034667976
1755885862214841344.000000 2.486202717 3.826580286 0.015149919 -0.047255866 -0.714862227 0.696698248 0.036748514
1755885864348684288.000000 2.461893797 3.507335424 0.015126364 -0.045442987 -0.711924851 0.699990749 0.033332437
1755885865949064704.000000 2.435867548 3.268470049 0.016363790 -0.065370120 -0.710222781 0.698729157 0.055569477
1755885868616374528.000000 2.371682405 2.876645327 0.015006132 -0.073914111 -0.711080372 0.696566761 0.060796805
1755885869683285504.000000 2.351652622 2.721297264 0.014626823 -0.070746802 -0.712422490 0.695568860 0.060275581
1755885870183405056.000000 2.333717823 2.648997068 0.014434543 -0.093253836 -0.709379733 0.693652451 0.083249189
1755885870750213888.000000 2.317771435 2.568235397 0.013830464 -0.092365891 -0.710956931 0.692174494 0.083086498
1755885871283688192.000000 2.303881884 2.493165255 0.013755247 -0.088302299 -0.710945487 0.693307042 0.078003481
1755885871817152768.000000 2.290868521 2.416529894 0.013190754 -0.085692793 -0.712871850 0.692069769 0.074229173
1755885872350609664.000000 2.276792049 2.339046717 0.012766207 -0.087078340 -0.712590396 0.692094266 0.075086318
1755885872917408512.000000 2.262510300 2.257638216 0.012183700 -0.086341463 -0.712354481 0.692588091 0.073607959
1755885873450867712.000000 2.249721766 2.181533813 0.011557933 -0.086152628 -0.711999953 0.693095803 0.072471656
1755885873984341760.000000 2.237461567 2.105499983 0.010872312 -0.084901720 -0.713463485 0.691775680 0.072166063
1755885874484476928.000000 2.225866556 2.036231041 0.010561500 -0.085765667 -0.712572098 0.692283392 0.075026296
1755885874984598016.000000 2.215505123 1.979956746 0.010000816 -0.088971347 -0.713816941 0.690334022 0.077384703
1755885875484717568.000000 2.202631712 1.980103135 0.010502443 -0.146273300 -0.703031063 0.682956576 0.133872226
1755885877085146880.000000 2.142005205 1.972509384 0.011402794 -0.323886663 -0.642014802 0.622215331 0.309455335
1755885877618616064.000000 2.135691166 1.983357310 0.013077877 -0.374080211 -0.611655653 0.596120477 0.361361027
1755885878118727424.000000 2.128051758 1.993777752 0.014026246 -0.422001094 -0.578745902 0.565157056 0.409348100
1755885879685753088.000000 2.116533279 2.033971548 0.016050380 -0.557794809 -0.449552357 0.438541353 0.542631745
1755885880252553216.000000 2.118552923 2.049453974 0.014427052 -0.597201943 -0.393897682 0.387383610 0.581488132
1755885880752670720.000000 2.119953871 2.063045979 0.013816553 -0.628475249 -0.342102021 0.336461425 0.612191856
1755885881319469056.000000 2.122789621 2.077244282 0.012594708 -0.656214714 -0.280619979 0.278230637 0.642823756
1755885881852918784.000000 2.128876686 2.089858294 0.011316795 -0.677122355 -0.221627876 0.220391512 0.666193724
1755885882419700992.000000 2.136985302 2.102792263 0.011254048 -0.695800424 -0.154577792 0.154910773 0.684083462
1755885882953152768.000000 2.151530981 2.107598543 0.016203305 -0.706479490 -0.089814782 0.089922860 0.696228325
1755885883519947008.000000 2.164839745 2.117726803 0.016011938 -0.712120712 -0.021602461 0.025377516 0.701265633
1755885884053412096.000000 2.179308414 2.124758959 0.016039159 -0.710699975 0.045722585 -0.038607638 0.700945497
1755885884653559296.000000 2.196817875 2.132529259 0.012521037 -0.701808393 0.116287768 -0.105460279 0.694852769
1755885885153669376.000000 2.214091778 2.142500877 0.007605692 -0.688351750 0.173766986 -0.160548970 0.685712039
1755885885653780480.000000 2.250278711 2.185523033 0.005288692 -0.678520203 0.215869695 -0.202402890 0.672342002
1755885886253924352.000000 2.295406580 2.252279520 0.007300918 -0.677016318 0.214674190 -0.200875670 0.674694717
1755885886787386112.000000 2.325762033 2.314573765 0.007473155 -0.687628686 0.179979503 -0.169401690 0.682698488
1755885887320848896.000000 2.354446411 2.379227877 0.009607835 -0.689972520 0.170295238 -0.157462075 0.685669899
1755885887821543936.000000 2.375759602 2.439030886 0.010780251 -0.696981668 0.144104749 -0.130799755 0.690175235
1755885888322921472.000000 2.391419649 2.510082245 0.006282237 -0.702933669 0.113673396 -0.100781858 0.694842160
1755885888857000704.000000 2.407233000 2.578623056 0.006255277 -0.706295729 0.094112873 -0.081033938 0.696938038
1755885889456985088.000000 2.417406082 2.661104679 0.004927604 -0.707959354 0.076163664 -0.065335557 0.699087977
1755885889956987392.000000 2.419450521 2.733525515 0.003282052 -0.708119631 0.068345740 -0.058525000 0.700335801
1755885890490318336.000000 2.428931713 2.812366009 0.004780468 -0.708107352 0.060511246 -0.051413428 0.701626003
1755885890990322432.000000 2.440094471 2.892626524 0.004740025 -0.709830821 0.057846595 -0.051378813 0.700110137
1755885891590312704.000000 2.455288649 2.982605219 0.006233953 -0.709334671 0.056740351 -0.048434451 0.700913012
1755885892190310400.000000 2.465959549 3.069579601 0.007211208 -0.710342526 0.052412808 -0.044231806 0.700506926
1755885892756965120.000000 2.476924181 3.149891853 0.008790812 -0.709276199 0.049406823 -0.041951042 0.701944768
1755885893323618560.000000 2.486303806 3.232200384 0.009770034 -0.710692227 0.046397559 -0.037542503 0.700966835
1755885893923615744.000000 2.496944666 3.320044518 0.009214413 -0.712347865 0.043425310 -0.034237143 0.699644625
1755885894490281472.000000 2.502392054 3.399296999 0.010469974 -0.710991561 0.040870905 -0.031371400 0.701310575
1755885895023617280.000000 2.509061337 3.476252556 0.010618677 -0.711712003 0.038471609 -0.031014502 0.700731099
1755885895590272512.000000 2.514582872 3.554499626 0.010483273 -0.712922215 0.035562467 -0.029533915 0.699717820
1755885896123616256.000000 2.520390987 3.629904985 0.011215351 -0.713607788 0.033201139 -0.027837824 0.699204326
1755885896656947968.000000 2.523055315 3.706162453 0.010254283 -0.713699818 0.029984001 -0.025581859 0.699341893
1755885897190286592.000000 2.526390553 3.784044027 0.010688615 -0.713780940 0.028159557 -0.021864116 0.699461102
1755885897723616768.000000 2.536818981 3.861217260 0.012828534 -0.710650802 0.053373389 -0.046648063 0.699964762
1755885898290284032.000000 2.546803474 3.941688061 0.013617507 -0.709064722 0.053607985 -0.046164978 0.701585531
1755885898923622400.000000 2.558790445 4.033433437 0.015706923 -0.710338593 0.055680580 -0.048479397 0.699977577
1755885899456960512.000000 2.569502592 4.110398769 0.014440871 -0.709983766 0.058416121 -0.051367901 0.699908555
1755885899956964608.000000 2.581798315 4.184230804 0.015520535 -0.709842741 0.060459454 -0.054837916 0.699614763
1755885900490293504.000000 2.594071627 4.259730816 0.015109166 -0.707742214 0.061371803 -0.057157654 0.701475263
1755885901023626752.000000 2.605031490 4.337718487 0.015907353 -0.709267139 0.063896589 -0.059335832 0.699526072
1755885901556947200.000000 2.618486643 4.418548107 0.016516525 -0.713868856 0.064837910 -0.059591379 0.694720209
1755885902123614720.000000 2.631074905 4.499661446 0.016045867 -0.712744892 0.066510431 -0.058754776 0.695786655
1755885902290277632.000000 2.636101723 4.522571564 0.015207987 -0.711899281 0.066713415 -0.059173808 0.696596980
1755885902856929536.000000 2.647740364 4.599340916 0.015120229 -0.709076166 0.063557029 -0.055835608 0.700038552
1755885903456899328.000000 2.660582304 4.685898304 0.015917722 -0.709236860 0.061289322 -0.055873260 0.700074971
1755885903990768128.000000 2.669526815 4.766752243 0.014726260 -0.712926328 0.050621767 -0.044106267 0.698017359
1755885904558317312.000000 2.673983574 4.847471714 0.015301843 -0.715339243 0.035526659 -0.027713507 0.697323143
1755885905058464768.000000 2.679040432 4.918921947 0.016127599 -0.712143362 0.035823550 -0.029756697 0.700487733
1755885905591916032.000000 2.683913231 4.993655682 0.018127091 -0.709826469 0.035548683 -0.029778933 0.702848494
1755885906092028416.000000 2.688274384 5.065060139 0.017762195 -0.708452761 0.036113106 -0.029961677 0.704196632
1755885906625479680.000000 2.695442677 5.142460823 0.017911201 -0.707343161 0.039629769 -0.032615285 0.705004632
1755885907125591808.000000 2.702191830 5.215675831 0.019143283 -0.707453907 0.042013247 -0.033519104 0.704712987
1755885907625702656.000000 2.707764149 5.290029049 0.019545592 -0.708229840 0.043232374 -0.036890313 0.703690767
1755885908159146496.000000 2.715438843 5.370158195 0.020987656 -0.711232901 0.043689776 -0.037670024 0.700585485
1755885908659248896.000000 2.722536564 5.442680836 0.021723252 -0.709592402 0.042879883 -0.035745267 0.702397525
1755885909159353856.000000 2.729749680 5.515374660 0.021600537 -0.711456239 0.040674347 -0.030020734 0.700909674
1755885909659458560.000000 2.735841274 5.588916302 0.021870367 -0.712683678 0.038761918 -0.026702791 0.699904680
1755885910159574784.000000 2.740528822 5.661412239 0.021498099 -0.713078916 0.035572123 -0.023166614 0.699797451
1755885910659690240.000000 2.744763374 5.733274937 0.022660481 -0.712434173 0.033340517 -0.022394855 0.700588644
1755885911159808256.000000 2.747997046 5.804592133 0.023096930 -0.712410748 0.030824415 -0.020259568 0.700792730
1755885911693267968.000000 2.751088619 5.880374908 0.023303950 -0.712023377 0.028979259 -0.018551853 0.701312184
1755885912260072960.000000 2.761188984 5.962844849 0.023599956 -0.709540546 0.052071791 -0.045105252 0.701289117
1755885912760193024.000000 2.768861055 6.034945011 0.024988757 -0.710195959 0.052182175 -0.043792259 0.700700343
1755885913326990336.000000 2.780336618 6.114582062 0.025817696 -0.709675431 0.052639842 -0.041332558 0.701342702
1755885913860455680.000000 2.789012194 6.190505028 0.028208654 -0.710198343 0.049267586 -0.039666127 0.701154590
1755885914360588032.000000 2.796299219 6.261746883 0.029217776 -0.710403681 0.047564857 -0.036770321 0.701221943
1755885914894057984.000000 2.805063725 6.339253902 0.028677229 -0.712457657 0.045083378 -0.035296790 0.699375272
1755885915394183424.000000 2.810100794 6.409604073 0.028491020 -0.711601615 0.042145807 -0.032501619 0.700564444
1755885915894313984.000000 2.815750360 6.480540752 0.026553378 -0.710673869 0.036938179 -0.027930388 0.701995850
1755885916427790592.000000 2.821072340 6.556949615 0.026518935 -0.713389456 0.034137819 -0.022314565 0.699580073
1755885916927916032.000000 2.823058605 6.628773689 0.026989063 -0.714983165 0.029353641 -0.021369619 0.698198259
1755885917461378304.000000 2.817267895 6.671834469 0.026803859 -0.715167999 -0.007030119 0.014926594 0.698757946
1755885918028185344.000000 2.802935123 6.663258553 0.026972581 -0.712347627 -0.075690925 0.081300214 0.692980587
1755885918528310784.000000 2.793794632 6.653442383 0.027593900 -0.703953922 -0.134024605 0.139050499 0.683484674
1755885919061776896.000000 2.779215097 6.647217751 0.028888687 -0.682811737 -0.198030412 0.204701230 0.672792315
1755885919628583168.000000 2.727073908 6.696455002 0.028204251 -0.672427773 -0.243163392 0.246070012 0.654340923
1755885920162038784.000000 2.668258429 6.731210709 0.028234176 -0.645641148 -0.302376539 0.305191904 0.631327093
1755885920662155264.000000 2.609259129 6.754815578 0.028018327 -0.619092584 -0.354669064 0.354621112 0.604299724
1755885921195630592.000000 2.537700891 6.769644260 0.027445707 -0.585350752 -0.407365948 0.406354427 0.571221054
1755885921729394176.000000 2.462276936 6.771533966 0.027639698 -0.547793627 -0.458209842 0.453318089 0.533356011
1755885922230756608.000000 2.394419670 6.760868549 0.026011221 -0.507808983 -0.501282394 0.496590137 0.494210839
1755885922765187072.000000 2.326645613 6.737491131 0.026736889 -0.460978806 -0.542814195 0.538856924 0.449982882
1755885923298505216.000000 2.264727592 6.702972889 0.027112138 -0.411141396 -0.578207195 0.578193247 0.402904212
1755885923865156352.000000 2.200775862 6.653932571 0.024360703 -0.356475204 -0.615511835 0.611721158 0.346219331
1755885924431809792.000000 2.152867556 6.598305702 0.024538031 -0.295144349 -0.644181490 0.644421160 0.287474334
1755885924965133312.000000 2.115564585 6.532997131 0.021052090 -0.236397699 -0.671418130 0.664844215 0.226486161
1755885925498448384.000000 2.093184233 6.462854385 0.018656233 -0.170411482 -0.691994905 0.682103574 0.163822591
1755885926031775232.000000 2.080756903 6.387661934 0.016998753 -0.105529532 -0.705572724 0.693696856 0.099072792
1755885926531759616.000000 2.083410501 6.314134121 0.016081335 -0.043216139 -0.714119911 0.697656035 0.037964806
1755885927065095680.000000 2.090980291 6.252864361 0.021371920 0.024115702 -0.717861950 0.695100605 -0.030460261
1755885927531755776.000000 2.114401102 6.199039459 0.023866229 0.081659466 -0.712411821 0.691452503 -0.087718800
1755885928031764992.000000 2.149094343 6.138890266 0.025235571 0.140592590 -0.702403903 0.682151079 -0.146739334
1755885928231767296.000000 2.166166067 6.116053104 0.025569560 0.163759142 -0.697422385 0.676773310 -0.169596180
1755885928431766016.000000 2.184767723 6.094646454 0.024403246 0.187499866 -0.690626800 0.670792520 -0.194719955
1755885928565098240.000000 2.198812962 6.080431461 0.024291726 0.204137951 -0.686600208 0.665759861 -0.208977640
1755885928765098752.000000 2.218938828 6.062218666 0.023883305 0.227505133 -0.678472638 0.658877850 -0.231940255
1755885928998430208.000000 2.244402170 6.041545391 0.023792038 0.253008097 -0.669592798 0.649473071 -0.256548554
1755885929231759104.000000 2.267838717 6.016177654 0.024050020 0.251341850 -0.669369578 0.650696099 -0.255668521
1755885929631744512.000000 2.310740232 5.972445965 0.022797216 0.252384454 -0.669907987 0.649811685 -0.255480349
1755885930031753216.000000 2.351300001 5.930753708 0.022939323 0.252472907 -0.667891979 0.651400745 -0.256622195
1755885930465086464.000000 2.396991491 5.885033607 0.022229308 0.254803091 -0.666812837 0.651189208 -0.257660002
1755885930831759104.000000 2.435868979 5.846166611 0.022259047 0.253454506 -0.666991949 0.651421010 -0.257940590
1755885931331768576.000000 2.488674402 5.792810917 0.020973805 0.253884554 -0.666870356 0.651504934 -0.257619858
1755885931865105408.000000 2.545959711 5.736916542 0.020099852 0.256306946 -0.666399181 0.650476635 -0.259035051
1755885932265104384.000000 2.588772774 5.695791245 0.019401167 0.257197529 -0.665529728 0.650487363 -0.260357112
1755885932665096704.000000 2.632230520 5.654548645 0.019994160 0.258811921 -0.665053666 0.650176048 -0.260751069
1755885933131764224.000000 2.682061911 5.606033325 0.020519938 0.259738594 -0.665812135 0.650068045 -0.258150548
1755885933665085440.000000 2.727895975 5.537014484 0.021310525 0.204996586 -0.681830823 0.670666039 -0.208063081
1755885934031752192.000000 2.752870083 5.482276440 0.021120096 0.161400154 -0.695409298 0.680488825 -0.165199831
1755885934331746048.000000 2.767725945 5.435645580 0.020883963 0.127048358 -0.702675700 0.687408209 -0.132572755
1755885934665068288.000000 2.777688742 5.387119770 0.020957349 0.089860484 -0.707879066 0.693747222 -0.097709931
1755885934965063424.000000 2.783188343 5.339954853 0.020249436 0.056490052 -0.712590814 0.696177661 -0.066030040
1755885935231719168.000000 2.784639359 5.297382355 0.020153197 0.025719745 -0.715588689 0.697170079 -0.035003468
1755885938098977280.000000 2.553707361 4.925176144 0.021821667 -0.301738977 -0.651795924 0.633170903 0.288462043
1755885938599777536.000000 2.486976385 4.890015602 0.022371087 -0.353422463 -0.623469651 0.609492898 0.338963956
1755885939133240576.000000 2.423497915 4.850972176 0.021155365 -0.352280587 -0.620543242 0.613452673 0.338378936
1755885939633345280.000000 2.363731861 4.813764572 0.021091288 -0.353298962 -0.620352507 0.613236845 0.338058084
1755885940200134400.000000 2.295068979 4.769809246 0.021251477 -0.355535865 -0.619757414 0.610841870 0.341126561
1755885940700242432.000000 2.235765934 4.731836319 0.020581875 -0.355017632 -0.621715128 0.608574927 0.342153996
1755885941233694976.000000 2.175581217 4.686340332 0.020293841 -0.330537617 -0.634566545 0.621928990 0.318236649
1755885941733806336.000000 2.128895283 4.636490345 0.020074051 -0.303999126 -0.645487070 0.635864198 0.294292063
1755885942233917952.000000 2.079621792 4.587149620 0.019549314 -0.289502531 -0.650396824 0.643580079 0.281028360
1755885942734029568.000000 2.046651125 4.530251503 0.019092813 -0.235816896 -0.669794619 0.666191101 0.227936283
1755885943267480832.000000 2.021397829 4.460190773 0.019952575 -0.175405130 -0.689820230 0.681517780 0.170043170
1755885943767593728.000000 2.008148670 4.389442921 0.019387817 -0.116100326 -0.704436541 0.691138446 0.112328283
1755885944334394112.000000 2.008293867 4.309959888 0.019442782 -0.046678916 -0.713751793 0.697502315 0.043243200
1755885944901191936.000000 2.032922506 4.226864815 0.015156211 0.020851776 -0.714253843 0.699181736 -0.023486925
1755885945434645760.000000 2.060974598 4.153800011 0.014518445 0.085907303 -0.710147858 0.693527222 -0.085615247
1755885945834744320.000000 2.088832855 4.105949879 0.013040675 0.131776497 -0.701710105 0.687436819 -0.132923290
1755885946368219136.000000 2.134176016 4.047908783 0.013121376 0.193586379 -0.687756300 0.672044337 -0.194607601
1755885946935035136.000000 2.188867807 3.993074417 0.016223980 0.247062296 -0.670351148 0.654857218 -0.246478528
1755885947235113216.000000 2.217622995 3.959856033 0.016329518 0.244991779 -0.670412838 0.656161845 -0.244902760
1755885947801926144.000000 2.275518179 3.896528959 0.015921056 0.244346499 -0.670279086 0.656659901 -0.244578496
1755885948335390208.000000 2.330396175 3.836489439 0.015657250 0.245371625 -0.670722365 0.655153275 -0.246370658
1755885948868853248.000000 2.382904768 3.776822805 0.016319843 0.246274635 -0.671567380 0.653450310 -0.247686967
1755885949402317312.000000 2.434930563 3.718026400 0.016421046 0.246564001 -0.671011984 0.653184712 -0.249597326
1755885949935790336.000000 2.487542629 3.661082745 0.016915133 0.246963948 -0.668226719 0.654832959 -0.252340406
1755885950469271040.000000 2.542121172 3.601900816 0.017473113 0.247067705 -0.669139862 0.654217184 -0.251414835
1755885951002734848.000000 2.584830523 3.526297569 0.016313666 0.187501296 -0.686682940 0.674998641 -0.194130644
1755885951502850304.000000 2.613651037 3.450053930 0.015786750 0.130378738 -0.699977815 0.688469052 -0.137995899
1755885952002978816.000000 2.630427837 3.370042324 0.016198281 0.071808346 -0.709795833 0.696217120 -0.079468392
1755885952503113728.000000 2.632725716 3.287883759 0.017192071 0.011639399 -0.714534402 0.699122369 -0.023089239
1755885953003244800.000000 2.622738838 3.210091114 0.017246889 -0.048943046 -0.711828411 0.699714005 0.036129393
1755885953570059520.000000 2.596254349 3.124037504 0.016953861 -0.112157479 -0.706578791 0.691454351 0.100289620
1755885954136873984.000000 2.553793907 3.044910431 0.017643509 -0.176977158 -0.693810701 0.678417206 0.164487123
1755885954637003776.000000 2.505112648 2.982441664 0.017020911 -0.233669847 -0.678306937 0.660662949 0.220958397
1755885955170463744.000000 2.450199366 2.928951979 0.017481830 -0.272644043 -0.661878705 0.648600459 0.258649081
1755885955737266176.000000 2.378268480 2.880306721 0.016598703 -0.333670408 -0.633287072 0.622430265 0.316531420
1755885956304071424.000000 2.312546492 2.830225229 0.016590048 -0.335515112 -0.632727861 0.620812118 0.318869054
1755885957437672448.000000 2.188983202 2.729331970 0.014973860 -0.328825623 -0.635451555 0.622799695 0.316537052
1755885958004480512.000000 2.123057127 2.677354574 0.014469961 -0.329164714 -0.636147141 0.622361720 0.315647513
1755885959071413760.000000 2.017574310 2.573970795 0.014467975 -0.291851997 -0.652832091 0.639988899 0.281152874
1755885959571530496.000000 1.967585921 2.521385431 0.014025510 -0.290974766 -0.653379381 0.640176654 0.280362159
1755885960638416896.000000 1.869542956 2.403733253 0.012777106 -0.248156250 -0.671938717 0.655903101 0.238134369
1755885961205223936.000000 1.841831565 2.329187393 0.011639535 -0.180986390 -0.694010496 0.675379515 0.171627149
1755885961738691584.000000 1.814426303 2.259866714 0.011139372 -0.167168647 -0.696824729 0.678923130 0.159854606
1755885962305508608.000000 1.787647247 2.186374426 0.010379566 -0.147953779 -0.700469017 0.683244765 0.143629760
1755885962872311808.000000 1.757347584 2.109934568 0.009612501 -0.146619469 -0.701418221 0.683066368 0.141193390
1755885963372412928.000000 1.731430173 2.043927908 0.009486761 -0.146051913 -0.700499654 0.684144676 0.141121536
1755885963939931904.000000 1.703191042 1.970349669 0.009471100 -0.143082201 -0.700390637 0.685746849 0.136864260
1755885964441340928.000000 1.678169370 1.904500246 0.009892711 -0.142635450 -0.698626578 0.687762976 0.136228606
1755885964975264000.000000 1.654981256 1.832936764 0.010285305 -0.128325105 -0.700533450 0.691260636 0.122246973
1755885965541920512.000000 1.628274560 1.753138423 0.010092527 -0.129566208 -0.702605069 0.688626111 0.123906657
1755885966108578560.000000 1.601420522 1.675524950 0.011067668 -0.129869327 -0.702506006 0.688850641 0.122899279
1755885966675222528.000000 1.573890328 1.595271230 0.010381222 -0.129674599 -0.701973021 0.689693928 0.121411182
1755885967275209472.000000 1.545636654 1.507789135 0.010170370 -0.128584296 -0.703435540 0.688592315 0.120354950
1755885967841857792.000000 1.519286871 1.427636743 0.010324696 -0.129525334 -0.703297913 0.688687742 0.119601279
1755885968375181568.000000 1.494826078 1.352390051 0.010119051 -0.129495725 -0.703573704 0.688457191 0.119338535
1755885968908507392.000000 1.469592094 1.274989486 0.009883691 -0.128753185 -0.704583287 0.687819660 0.117852606
1755885969441836032.000000 1.445573568 1.199733853 0.009908311 -0.128709763 -0.705026805 0.687462747 0.117329098
1755885970008501248.000000 1.422188759 1.122573256 0.009124840 -0.126258910 -0.703106523 0.690048397 0.116331980
1755885970575159040.000000 1.398105741 1.042186260 0.009189071 -0.123802587 -0.701816678 0.691857517 0.116015613
1755885971141820928.000000 1.378585100 0.959695637 0.008535817 -0.109031357 -0.704730809 0.693545103 0.102283202
1755885971675145984.000000 1.359926581 0.882143974 0.008250695 -0.100282237 -0.707160115 0.693551123 0.094100803
1755885972241865216.000000 1.341214895 0.799504220 0.009438325 -0.096364558 -0.708244264 0.693725169 0.088597283
1755885972808561920.000000 1.322940350 0.718155086 0.008865803 -0.094218396 -0.706271946 0.696214914 0.087107711
1755885973341875200.000000 1.306281447 0.640654266 0.009417960 -0.094440602 -0.705291331 0.697028637 0.088296138
1755885973908523776.000000 1.288465261 0.554030955 0.008979524 -0.093364991 -0.708275378 0.694093645 0.088674009
1755885974508516864.000000 1.268901348 0.462748557 0.007578108 -0.092687123 -0.711835802 0.690761268 0.086878166
1755885975108515840.000000 1.249840736 0.373785347 0.006323038 -0.091917038 -0.712689877 0.690120101 0.085782669
1755885975708506624.000000 1.232699752 0.288639694 0.005451906 -0.089847423 -0.710274279 0.693064094 0.084261760
1755885976275169280.000000 1.217511058 0.210047305 0.005274834 -0.086323246 -0.707714975 0.696616590 0.080082558
1755885976841830144.000000 1.201661110 0.130183384 0.005475752 -0.084799185 -0.705462933 0.699356377 0.077664778
1755885977341848320.000000 1.178557038 0.058513876 0.005444570 -0.121076651 -0.699228406 0.695281088 0.114036702
1755885977908518912.000000 1.148238659 -0.023667891 0.005082959 -0.141130373 -0.699307144 0.688082218 0.132645309
1755885978475165440.000000 1.117582321 -0.103912778 0.004421065 -0.152739450 -0.698206544 0.684144735 0.145341769
1755885979008470784.000000 1.088888645 -0.177842170 0.004281530 -0.152684495 -0.698709071 0.683872342 0.144263133
1755885979541760512.000000 1.051609993 -0.250391901 0.003777165 -0.176824838 -0.693219066 0.678571284 0.166497350
1755885980076519936.000000 1.013966322 -0.316088796 0.003724005 -0.198339507 -0.685179532 0.675536394 0.186657950
1755885980645583104.000000 0.967735231 -0.385414302 0.004493465 -0.226311669 -0.675914645 0.668126166 0.213377312
1755885981145830400.000000 0.912963629 -0.438045233 0.004087627 -0.277090549 -0.655836880 0.650816321 0.263698697
1755885981712482304.000000 0.861808538 -0.496377617 0.005707420 -0.273646921 -0.655736983 0.653703928 0.260379761
1755885982245800704.000000 0.799819827 -0.547130823 0.006575560 -0.313016653 -0.638860643 0.636569202 0.297753841
1755885982812439808.000000 0.725789905 -0.587022603 0.006442511 -0.366481096 -0.610792339 0.607490182 0.351539522
1755885983379086848.000000 0.655827105 -0.622171223 0.006293301 -0.378196239 -0.603320062 0.599513769 0.365452886
1755885983979059200.000000 0.581731021 -0.654465675 0.006849072 -0.401360542 -0.588167906 0.585160434 0.388014942
1755885984545697024.000000 0.500808418 -0.668966353 0.006586019 -0.448248386 -0.553883195 0.550563276 0.434933305
1755885985079021568.000000 0.428375840 -0.679601848 0.006936668 -0.468690008 -0.536078334 0.533659816 0.456242085
1755885985612344832.000000 0.354640096 -0.676229894 0.007127677 -0.507545710 -0.497822464 0.497887760 0.496666819
1755885986112347648.000000 0.283471167 -0.661592185 0.007593534 -0.544193149 -0.457462937 0.458628923 0.533142507
1755885986679005440.000000 0.205973074 -0.633467019 0.007483921 -0.581674039 -0.410251111 0.411607563 0.569147229
1755885987245668864.000000 0.137704447 -0.592394531 0.009028248 -0.614810228 -0.358283132 0.362706572 0.601735532
1755885987845660672.000000 0.069625311 -0.533695996 0.009015871 -0.644425392 -0.300292820 0.305952400 0.633192956
1755885988345681664.000000 0.063400194 -0.514544547 0.009722114 -0.663598597 -0.253635079 0.262064040 0.653168142
1755885988912358656.000000 0.069893658 -0.498616159 0.010687681 -0.681500137 -0.186909646 0.199381351 0.678873718
1755885989445686784.000000 0.034069903 -0.418474287 0.009341232 -0.693797350 -0.158465847 0.171121761 0.681359887
1755885990012349184.000000 -0.004766380 -0.343207985 0.009719610 -0.695340753 -0.158890620 0.171640426 0.679554760
1755885990612341248.000000 -0.014339649 -0.283992857 0.008145426 -0.709902883 -0.091529250 0.106634840 0.690137208
1755885991179004928.000000 -0.006178132 -0.277391106 0.008388039 -0.716240466 -0.047665063 0.063327923 0.693337739
1755885991745658112.000000 -0.019538131 -0.207746506 0.007548712 -0.714898288 -0.053031769 0.066082448 0.694075882
1755885992312330496.000000 -0.023357509 -0.162124738 0.007289388 -0.714782834 -0.034504686 0.049301907 0.696752727
1755885992912329216.000000 -0.009273857 -0.152349681 0.006634659 -0.715990543 0.033862781 -0.018775865 0.697035491
1755885993479001088.000000 -0.007042916 -0.118676312 0.006069337 -0.715706825 0.036474522 -0.022415163 0.697087467
1755885994112330496.000000 -0.005134449 -0.079671517 0.006273982 -0.713610828 0.035023227 -0.021354683 0.699340463
1755885994712308992.000000 -0.005212004 -0.072356358 0.005773004 -0.714499831 0.033183273 -0.019989155 0.698562324
1755885995278966528.000000 -0.003666050 -0.029075667 0.006251375 -0.713123858 0.029511862 -0.016521571 0.700221777
1755885995779047168.000000 -0.001852929 -0.027988557 0.005762214 -0.713657856 0.035948455 -0.022535346 0.699208438
1755885996279782144.000000 -0.000527177 -0.028262746 0.006238734 -0.713619292 0.042732302 -0.029122107 0.698622525
1755885996813853440.000000 0.001942460 -0.026738647 0.005491088 -0.712611675 0.054804027 -0.041329060 0.698192656
1755885997313971200.000000 0.004267949 -0.020718258 0.006157304 -0.712053180 0.057097252 -0.042372547 0.698516190
1755885997847429120.000000 0.003928097 -0.020301731 0.006252746 -0.712446511 0.056786757 -0.042448331 0.698135674
1755885998447560192.000000 0.003682783 -0.020640515 0.006280184 -0.712458968 0.056676678 -0.042672746 0.698118269
1755885999014354176.000000 0.002846423 -0.017339645 0.007056674 -0.707599103 0.053934824 -0.040854529 0.703367233
