1755120880281125376.000000 0.001050945 0.008380683 0.009546678 -0.708943784 0.016110605 -0.003386207 0.705072939
1755120881114671360.000000 0.003367744 0.057690606 0.009589151 -0.709986091 0.017924428 -0.005122347 0.703968942
1755120883248552448.000000 0.007074566 0.177278921 0.010074898 -0.707484365 0.019793753 -0.005486605 0.706430495
1755120883748678144.000000 0.007765265 0.205249190 0.009959585 -0.707037807 0.020369006 -0.006869828 0.706848979
1755120884248804608.000000 0.008041538 0.232795268 0.010097074 -0.706500590 0.019754726 -0.006666180 0.707405329
1755120884782263808.000000 0.008628830 0.264224410 0.010173731 -0.707206011 0.019634636 -0.007410984 0.706696033
1755120884948969728.000000 0.013043875 0.275724798 0.010681911 -0.705209851 0.038790639 -0.026903622 0.707425296
1755120885082334720.000000 0.019613365 0.291206509 0.010431715 -0.705529392 0.062796935 -0.051079057 0.704042494
1755120885249039872.000000 0.027968045 0.305864871 0.010876640 -0.702265382 0.090264045 -0.078177474 0.701829135
1755120885515774464.000000 0.029932514 0.317833245 0.011269136 -0.701687694 0.087723292 -0.075326756 0.703039706
1755120886015905792.000000 0.036610808 0.345666081 0.011016825 -0.701915205 0.088491581 -0.077478588 0.702482283
1755120886516037888.000000 0.043513894 0.374698818 0.010936501 -0.703323483 0.089304194 -0.077540077 0.700962424
1755120887016168448.000000 0.050338227 0.402223617 0.010842923 -0.703606129 0.089231595 -0.077484071 0.700694263
1755120887516293120.000000 0.057583842 0.430065542 0.010963604 -0.704363465 0.089454219 -0.076146230 0.700051308
1755120887582974208.000000 0.058603562 0.434235871 0.010871134 -0.704617262 0.089771882 -0.076675102 0.699697495
1755120888083083008.000000 0.064897165 0.462288439 0.010284676 -0.704872906 0.089858271 -0.076282106 0.699471831
1755120888549854208.000000 0.077520348 0.490372807 0.010704008 -0.701870739 0.112078004 -0.098048620 0.696564853
1755120888749900288.000000 0.091821954 0.508429468 0.010484423 -0.696418583 0.146439970 -0.131201893 0.690175772
1755120889016629760.000000 0.102291405 0.523798585 0.010278403 -0.694202125 0.159752473 -0.145489112 0.686582565
1755120889416721920.000000 0.111776814 0.543013752 0.010399369 -0.693929553 0.158026934 -0.143049017 0.687769115
1755120889916835328.000000 0.123649083 0.568833709 0.010543225 -0.693626165 0.159032747 -0.144156963 0.687611997
1755120890416946944.000000 0.136719033 0.594511271 0.009647519 -0.693743110 0.158738956 -0.144415408 0.687507629
1755120890917052160.000000 0.150700048 0.618577361 0.010577505 -0.690840602 0.163372010 -0.148387656 0.688498437
1755120891117093632.000000 0.168685213 0.634691060 0.009962934 -0.684253931 0.199618295 -0.183106124 0.677068114
1755120891383817728.000000 0.176423520 0.645902932 0.010367124 -0.680876553 0.199976131 -0.184977666 0.679852962
1755120891883937280.000000 0.193673074 0.670681953 0.009863273 -0.682189226 0.201404676 -0.185587376 0.677946448
1755120892384057856.000000 0.209152088 0.694978058 0.010202575 -0.681429148 0.201789007 -0.186613441 0.678314805
1755120892884177664.000000 0.225001141 0.718658745 0.009986802 -0.681509018 0.201909065 -0.187458128 0.677965820
1755120893384297216.000000 0.241738990 0.741914392 0.009805868 -0.680949628 0.201822981 -0.187585279 0.678518236
1755120893917750784.000000 0.257980108 0.768817604 0.009629366 -0.681373954 0.201329947 -0.188348219 0.678027093
1755120894117795072.000000 0.260302156 0.782240868 0.009817421 -0.687384367 0.175990745 -0.163208812 0.685487449
1755120894617906432.000000 0.270344883 0.813322186 0.008823891 -0.694128275 0.149976268 -0.136698231 0.690656781
1755120895118016768.000000 0.282848209 0.839690566 0.008834370 -0.694564283 0.149163485 -0.135481074 0.690634251
1755120895618126592.000000 0.294588923 0.865874827 0.008799914 -0.694135964 0.149466336 -0.135724127 0.690951586
1755120896118236160.000000 0.307184011 0.891531229 0.009020193 -0.692988276 0.149529234 -0.135478839 0.692137063
1755120896618350336.000000 0.319264263 0.918420851 0.008878967 -0.693719447 0.149037167 -0.136149079 0.691378951
1755120897118469120.000000 0.331981152 0.944688082 0.009328646 -0.694302499 0.148380429 -0.134835005 0.691192329
1755120897418541568.000000 0.339233518 0.960211694 0.009521062 -0.693829954 0.148210391 -0.134272948 0.691812456
1755120897785300736.000000 0.348839551 0.980446458 0.008317514 -0.693665206 0.149478361 -0.135576263 0.691450596
1755120898318770176.000000 0.361582279 1.007385015 0.008752462 -0.693146586 0.149405286 -0.135887280 0.691925228
1755120898818897920.000000 0.374561876 1.034617424 0.008663068 -0.692949057 0.149558470 -0.135803461 0.692106426
1755120899319026688.000000 0.385301441 1.061014652 0.009160257 -0.693923533 0.144616470 -0.130874664 0.693129241
1755120899819153408.000000 0.397236288 1.089374781 0.008962377 -0.694477201 0.144615233 -0.131462529 0.692463338
1755120900052545536.000000 0.398692638 1.104292154 0.008811054 -0.697963297 0.125218123 -0.112758979 0.696026623
1755120900552669184.000000 0.409633666 1.131374478 0.008172117 -0.697556913 0.127064228 -0.114800386 0.695765674
1755120901052786944.000000 0.420395076 1.159293294 0.008296022 -0.699227929 0.126773983 -0.114319257 0.694218814
1755120901519568128.000000 0.430020928 1.184627414 0.008056739 -0.699083149 0.126569808 -0.114010468 0.694452703
1755120902019700992.000000 0.440852493 1.211803913 0.007855795 -0.699434519 0.126663670 -0.113940313 0.694093227
1755120902519834880.000000 0.451137751 1.240025997 0.007783822 -0.700348854 0.127331316 -0.115151331 0.692848027
1755120903019967744.000000 0.456183642 1.269828081 0.007547560 -0.702209592 0.108745836 -0.096992128 0.696899295
1755120903186679552.000000 0.459646702 1.280358911 0.007071991 -0.703742385 0.108203180 -0.095660031 0.695620537
1755120903686806528.000000 0.468857259 1.307078123 0.007464765 -0.703634560 0.109006427 -0.096482836 0.695490539
1755120904186928896.000000 0.478409857 1.334788799 0.007198547 -0.703534603 0.109615512 -0.096787333 0.695453644
1755120904653712640.000000 0.486678600 1.359319568 0.007199495 -0.701936662 0.109330602 -0.097247064 0.697047234
1755120905153839872.000000 0.496014804 1.386826396 0.006867794 -0.701632559 0.108701997 -0.097184174 0.697460413
1755120905653961984.000000 0.505128324 1.414668798 0.006671852 -0.701055348 0.108835310 -0.097925469 0.697916210
1755120906154081792.000000 0.513984919 1.441580653 0.007134343 -0.700245559 0.109157786 -0.098693147 0.698570311
1755120906654208256.000000 0.523449242 1.469334483 0.007110892 -0.701398790 0.109137706 -0.098282538 0.697473466
1755120907154338816.000000 0.532621086 1.497871995 0.006813035 -0.701845884 0.109696418 -0.098516770 0.696902812
1755120907654472960.000000 0.536035597 1.527587414 0.007152122 -0.704365492 0.082813628 -0.071723558 0.701332211
1755120908154611200.000000 0.543688893 1.555422306 0.007613563 -0.705013990 0.082477830 -0.069837421 0.700910509
1755120908621404672.000000 0.550676703 1.582022667 0.007453503 -0.705693483 0.082785703 -0.069767617 0.700197041
1755120909121539328.000000 0.558761895 1.609726310 0.007031010 -0.704474390 0.083368436 -0.068472534 0.701482058
1755120909621666816.000000 0.565395236 1.638157248 0.007317533 -0.704695284 0.083595723 -0.068117559 0.701267719
1755120910121787392.000000 0.572845578 1.666163921 0.006903913 -0.704082906 0.084215961 -0.068767861 0.701744974
1755120910655249920.000000 0.579735756 1.695088983 0.007168537 -0.703053415 0.084967084 -0.070222057 0.702542126
1755120911155370240.000000 0.586685300 1.723672986 0.007470229 -0.703599513 0.084738657 -0.070164829 0.702028573
1755120911655493120.000000 0.593779981 1.751482725 0.007237942 -0.703233778 0.084564701 -0.070528440 0.702379465
1755120912155617536.000000 0.601005971 1.778026342 0.007200092 -0.701916158 0.084529199 -0.071321465 0.703620553
1755120912655737856.000000 0.607901216 1.806803107 0.007238848 -0.702736080 0.085385390 -0.071994409 0.702629507
1755120913189195776.000000 0.615061641 1.836898923 0.007623564 -0.702194989 0.086181156 -0.073782526 0.702887774
1755120913622629376.000000 0.621189237 1.861433387 0.007651887 -0.702428579 0.085809946 -0.073254816 0.702754974
1755120914089401856.000000 0.627148688 1.887370825 0.007297526 -0.702064216 0.085612841 -0.074135229 0.703050673
1755120914589521664.000000 0.634921193 1.915430069 0.007321041 -0.702405512 0.085770011 -0.074458882 0.702656388
1755120915056305664.000000 0.641472280 1.943113327 0.007659300 -0.703523219 0.085285172 -0.073933944 0.701651812
1755120915323040000.000000 0.645497322 1.958070278 0.007622320 -0.703681707 0.085479304 -0.073440522 0.701521158
1755120915823158272.000000 0.652931571 1.986015439 0.007681182 -0.704285085 0.084559433 -0.072739772 0.701099932
1755120916323274496.000000 0.660194099 2.013528585 0.007272279 -0.705114245 0.083935618 -0.071441099 0.700474799
1755120916623345152.000000 0.664643764 2.030388832 0.007489285 -0.704988539 0.084328577 -0.071800128 0.700517476
1755120917156802560.000000 0.671983302 2.060360432 0.007002950 -0.704873860 0.084024444 -0.071536131 0.700696290
1755120917590236672.000000 0.677788198 2.085992575 0.007027638 -0.706035852 0.084853224 -0.072663739 0.699309170
1755120918090352384.000000 0.684915185 2.113425255 0.007276532 -0.705461383 0.084546804 -0.072331265 0.699960232
1755120918357081344.000000 0.682875931 2.132888794 0.007270030 -0.709260464 0.055288769 -0.043785419 0.701409757
1755120918857182208.000000 0.688257515 2.158787012 0.007152294 -0.707374156 0.057893462 -0.046438701 0.702932239
1755120919357281792.000000 0.693507016 2.187595844 0.006908036 -0.707429290 0.056770951 -0.046140872 0.702987909
1755120919824051968.000000 0.697938204 2.213006020 0.006851442 -0.707266212 0.057242267 -0.045522757 0.703154027
1755120920257479936.000000 0.702519000 2.236220598 0.006880343 -0.706684232 0.057975803 -0.046355300 0.703624547
1755120920790940160.000000 0.707839549 2.266821861 0.007558482 -0.707787097 0.057938416 -0.045872241 0.702549875
1755120921291061760.000000 0.712984920 2.295295477 0.006667104 -0.708334267 0.058031071 -0.046300877 0.701962471
1755120921791182080.000000 0.717637300 2.324150324 0.006478415 -0.709053278 0.058235604 -0.047261216 0.701155186
1755120922291301632.000000 0.722746193 2.351656437 0.006429171 -0.708857179 0.058580827 -0.048021302 0.701273024
1755120922791426304.000000 0.727871120 2.380067587 0.005898629 -0.709822357 0.058589716 -0.048168354 0.700285256
1755120923158184704.000000 0.731192768 2.400451422 0.005973506 -0.709497809 0.058269370 -0.047467824 0.700688601
1755120923658306048.000000 0.736663938 2.428696156 0.005287271 -0.709850132 0.057658475 -0.046225797 0.700465202
1755120923991717888.000000 0.740442038 2.447045565 0.005054199 -0.708786905 0.058445226 -0.046084456 0.701485276
1755120924225106688.000000 0.742799282 2.459864616 0.004940114 -0.708957732 0.058155380 -0.045841370 0.701352656
1755120924725237504.000000 0.748043895 2.487794638 0.004654419 -0.709448814 0.058753721 -0.045727491 0.700813413
1755120925225373184.000000 0.749978900 2.516765118 0.005110477 -0.708524048 0.043332316 -0.029321920 0.703744471
1755120925692152320.000000 0.748840332 2.545842171 0.004768773 -0.711408138 0.023284093 -0.009624398 0.702327311
1755120926192265472.000000 0.751343966 2.575369835 0.004485789 -0.712330282 0.023715710 -0.009531901 0.701378882
1755120926692384000.000000 0.753552556 2.603830338 0.003938278 -0.712867320 0.023913631 -0.009640099 0.700824797
1755120927125821952.000000 0.756012440 2.629351139 0.003793031 -0.713610411 0.024041692 -0.010178237 0.700056136
1755120927625943040.000000 0.758387983 2.657531500 0.003460520 -0.713084340 0.024613803 -0.010353838 0.700569630
1755120928126064384.000000 0.760802209 2.684451103 0.003222617 -0.712565780 0.024870759 -0.010564041 0.701084852
1755120928626188800.000000 0.762779295 2.713091612 0.002861806 -0.712625802 0.024926394 -0.011089711 0.701013684
1755120929126316288.000000 0.765200675 2.740130901 0.002652253 -0.711402118 0.024874374 -0.010674257 0.702263772
1755120929626439680.000000 0.767049551 2.768315554 0.002745321 -0.710692525 0.024611635 -0.011325893 0.702980876
1755120930126556928.000000 0.764938772 2.795654058 0.002541171 -0.708133459 0.009119670 0.003517466 0.706011057
1755120933096105984.000000 0.718105257 2.961699247 0.001014312 -0.700204909 -0.081773601 0.092405133 0.703198075
1755120935562833920.000000 0.637384057 3.083599329 0.002412228 -0.681512475 -0.174975604 0.185737818 0.685875952
1755120937729363456.000000 0.574125051 3.194731951 0.002037237 -0.682596862 -0.192289487 0.201394930 0.675667405
1755120940598384384.000000 0.417870581 3.277763844 0.000907048 -0.616338611 -0.355924487 0.362441450 0.601731360
1755120943530915584.000000 0.249356776 3.327951193 0.000348647 -0.575543344 -0.416785985 0.421874225 0.563082039
1755120946496830976.000000 0.069514111 3.328914165 0.003209872 0.452091068 0.545625865 -0.549624383 -0.442514688
1755120949164598016.000000 -0.084355995 3.252297401 0.002267722 -0.359723032 -0.613799512 0.611100495 0.346995443
1755120951764686336.000000 -0.217657462 3.178953171 0.001535019 -0.361922354 -0.610377312 0.610830247 0.351195395
1755120954764660224.000000 -0.354429781 3.062197208 0.001825073 -0.312884390 -0.637445927 0.633822680 0.306651235
1755120957733177088.000000 -0.475052863 2.933493137 0.002688457 -0.272708625 -0.653424680 0.655955732 0.261511624
1755120960633839616.000000 -0.551676214 2.776753902 0.005594319 -0.183123380 -0.685262680 0.683839679 0.171009585
1755120962601007104.000000 -0.577818871 2.659335136 0.006748272 -0.102658510 -0.703863919 0.697304428 0.088337086
1755120965401670912.000000 -0.572880745 2.489618301 0.007710302 0.001951310 -0.709769011 0.704213202 -0.017549792
1755120965901804288.000000 -0.572436213 2.460934162 0.008113459 0.001286354 -0.709681988 0.704298794 -0.017695442
1755120966401938944.000000 -0.571382344 2.431121826 0.007477412 0.001179733 -0.709838927 0.704170346 -0.016479608
1755120966735353600.000000 -0.562056243 2.409896612 0.007374454 0.037732195 -0.708534479 0.702687800 -0.052773386
1755120967068768512.000000 -0.544403732 2.388170242 0.006756751 0.097447813 -0.702784777 0.695820749 -0.111494243
1755120967402184448.000000 -0.531549931 2.369230747 0.006612575 0.125766829 -0.698945463 0.690106988 -0.139320910
1755120967735596288.000000 -0.523150742 2.349971771 0.005992008 0.126688808 -0.699215949 0.689525664 -0.140005127
1755120968035666176.000000 -0.517552495 2.334929943 0.006136913 0.126455262 -0.698826969 0.689704597 -0.141271472
1755120968535786752.000000 -0.507201254 2.307311296 0.006124416 0.126879364 -0.699169040 0.689269900 -0.141319916
1755120968969231616.000000 -0.492467314 2.285285234 0.005280277 0.151272327 -0.694265127 0.683971643 -0.165213242
1755120969269308928.000000 -0.471874416 2.272956371 0.005320249 0.203008831 -0.680508375 0.670070410 -0.216105267
1755120969569383424.000000 -0.449751943 2.263378382 0.005916916 0.254766643 -0.663391590 0.651681244 -0.265173525
1755120969802771200.000000 -0.437113047 2.253484964 0.005175767 0.265566945 -0.659986973 0.646630168 -0.275246888
1755120970069500928.000000 -0.426302254 2.242816448 0.005168645 0.265204549 -0.659549236 0.647479773 -0.274647564
1755120970536275712.000000 -0.407115400 2.223889351 0.005039027 0.265924633 -0.658813715 0.647880673 -0.274771422
1755120971036385280.000000 -0.385983288 2.203696012 0.005601326 0.266545624 -0.658394337 0.648133874 -0.274577767
1755120971436473344.000000 -0.369259268 2.186922550 0.005381985 0.266643912 -0.658044696 0.648720443 -0.273934275
1755120971736545280.000000 -0.350398540 2.177328348 0.005035220 0.293743193 -0.646900177 0.636637151 -0.299880505
1755120971969933824.000000 -0.332176030 2.173862934 0.004928973 0.330772579 -0.628083050 0.617997348 -0.337906122
1755120972270006016.000000 -0.312912107 2.166400433 0.004563186 0.348725826 -0.619104922 0.608149767 -0.353911340
1755120972770119168.000000 -0.288885564 2.151418209 0.005096454 0.348208547 -0.617220283 0.609109521 -0.356055766
1755120973270231552.000000 -0.263819039 2.135933876 0.004685452 0.347907782 -0.617065430 0.608951092 -0.356887907
1755120973770758912.000000 -0.238913953 2.120806694 0.005019313 0.347972840 -0.617087841 0.608817160 -0.357014179
1755120974271564032.000000 -0.214916244 2.106563568 0.005521087 0.348457813 -0.615957260 0.608597636 -0.358863235
1755120974805210624.000000 -0.188444793 2.090298653 0.005942035 0.348877549 -0.615706682 0.608534992 -0.358991653
1755120975305218048.000000 -0.163106307 2.075099707 0.006152736 0.348505318 -0.615548551 0.608452797 -0.359762847
1755120975838577920.000000 -0.136110589 2.058667660 0.006399212 0.348260373 -0.616131067 0.608419359 -0.359058708
1755120976338601984.000000 -0.110859811 2.043004751 0.006477958 0.349135518 -0.616465867 0.607219338 -0.359665066
1755120976838635520.000000 -0.084338620 2.027363777 0.006148748 0.349915296 -0.616881788 0.606803477 -0.358895153
1755120977138654976.000000 -0.062682889 2.024445772 0.005923776 0.383659303 -0.596579492 0.586194336 -0.391503185
1755120977405335552.000000 -0.043684881 2.020544052 0.005477214 0.397601932 -0.588596761 0.576734841 -0.403538615
1755120977938706432.000000 -0.015247921 2.008419752 0.005777959 0.396850348 -0.589324176 0.577149808 -0.402622521
1755120978438732544.000000 0.011365835 1.998240709 0.005988207 0.396924883 -0.588303566 0.578046501 -0.402755290
1755120978972107520.000000 0.040634453 1.986370087 0.006282723 0.397698790 -0.588308036 0.577654898 -0.402547240
1755120979372131584.000000 0.063275181 1.977088928 0.005668812 0.397415698 -0.589075863 0.577909112 -0.401337147
1755120979738825984.000000 0.084032282 1.972433686 0.005862553 0.411404043 -0.576416671 0.568649292 -0.418483645
1755120980005511424.000000 0.107072301 1.975955367 0.005448833 0.451369703 -0.547169089 0.537494898 -0.456037939
1755120980505543424.000000 0.136450738 1.971279383 0.005421078 0.454258651 -0.545551240 0.535061598 -0.457965255
1755120981005585920.000000 0.164063647 1.966494322 0.005655168 0.454035997 -0.544209123 0.535770833 -0.458952516
1755120981505622528.000000 0.193824574 1.960207820 0.005411709 0.455391675 -0.544588447 0.534065783 -0.459146738
1755120982005673984.000000 0.222778484 1.954390168 0.005637448 0.454678506 -0.544250190 0.534285367 -0.459998101
1755120982372373248.000000 0.243064642 1.950256944 0.006271591 0.454925179 -0.544314146 0.533678889 -0.460382402
1755120982872434176.000000 0.272442102 1.944720745 0.006609662 0.454168379 -0.544452608 0.534353495 -0.460183442
1755120983372492800.000000 0.303729922 1.944664240 0.006558895 0.473400444 -0.527285099 0.517425776 -0.479721814
1755120983639187456.000000 0.324347347 1.953266621 0.006118922 -0.507477105 0.495939106 -0.485156506 0.511013210
1755120984139234304.000000 0.354322940 1.953749895 0.005559443 -0.506992996 0.497331381 -0.485348880 0.509957016
1755120984639288832.000000 0.383603483 1.953427434 0.005537357 -0.506767452 0.497752100 -0.485906094 0.509239554
1755120985172700928.000000 0.416099906 1.957628965 0.004940262 -0.518155634 0.485936999 -0.474433750 0.519896686
1755120985506080000.000000 0.437612802 1.973435283 0.004239127 -0.558225751 0.438732564 -0.426503122 0.560350716
1755120986006138880.000000 0.465419799 1.986388206 0.003388913 -0.570728242 0.421421289 -0.408891231 0.574004710
1755120986506191872.000000 0.492823720 1.994941354 0.003400857 -0.570288360 0.420269281 -0.409011066 0.575199962
1755120987006245376.000000 0.520041585 2.004449844 0.004288854 -0.570492744 0.419973731 -0.409397960 0.574937820
1755120987539633152.000000 0.548194528 2.014131546 0.003890745 -0.570269048 0.419155657 -0.409916580 0.575387061
1755120988073036288.000000 0.578174770 2.023462057 0.003968369 -0.570326447 0.419208199 -0.410560757 0.574832320
1755120988539759104.000000 0.603938401 2.034820557 0.004126703 -0.580231905 0.402081996 -0.395364672 0.587662995
1755120988806459904.000000 0.618710339 2.051956892 0.003901964 -0.608944476 0.362835228 -0.353597999 0.610332549
1755120989306519296.000000 0.642007828 2.071348429 0.004018236 -0.621431887 0.342334509 -0.333148420 0.621000469
1755120989806840064.000000 0.667215168 2.087084293 0.004193012 -0.621561825 0.341602147 -0.333249271 0.621219635
1755120990307322880.000000 0.692062199 2.101007938 0.004948221 -0.621695399 0.341708302 -0.331179649 0.622133791
1755120990840914176.000000 0.719150543 2.117232561 0.005383648 -0.621742964 0.343320429 -0.330958486 0.621315718
1755120991341051648.000000 0.744961679 2.132394075 0.004759472 -0.622142196 0.343510687 -0.330903947 0.620839894
1755120991841180928.000000 0.766459763 2.156798124 0.004797791 -0.640903234 0.307309866 -0.295758665 0.638224602
1755120992107915008.000000 0.772895396 2.175773621 0.005439756 -0.659854949 0.262463838 -0.251607001 0.657569885
1755120992608043776.000000 0.788493216 2.198857069 0.006266480 -0.666157782 0.242281720 -0.231110424 0.666424394
1755120993141517312.000000 0.807970464 2.223422766 0.007117368 -0.667941928 0.234155148 -0.225206792 0.669557273
1755120993374911744.000000 0.811434627 2.243668079 0.006700523 -0.684928179 0.191185042 -0.179731116 0.679719448
1755120993608305920.000000 0.810871601 2.259103298 0.006440318 -0.692406595 0.151118323 -0.140509173 0.691370845
1755120994008408320.000000 0.820839822 2.279720545 0.006639531 -0.691948175 0.150003657 -0.139532149 0.692269862
1755120994375168768.000000 0.826704323 2.300569057 0.006483295 -0.694451928 0.133395314 -0.124557421 0.696008503
1755120994641900032.000000 0.823683143 2.325025082 0.004982641 -0.707594097 0.085411713 -0.076379173 0.697267294
1755120994775265792.000000 0.822666585 2.333832264 0.005191967 -0.708931327 0.066887274 -0.057300501 0.699756563
1755120995008654080.000000 0.826526165 2.345183611 0.005128480 -0.707390368 0.070684038 -0.061546061 0.700581729
1755120995508774400.000000 0.820529222 2.379214048 0.004743926 -0.713917851 0.021768086 -0.011925321 0.699789464
1755120998142744320.000000 0.821391165 2.528894424 0.004145947 -0.712105572 0.003799416 0.006561421 0.702031493
1755121000276625664.000000 0.827122211 2.659678221 0.003355141 -0.712099314 0.022089927 -0.010269393 0.701656044
1755121001110171648.000000 0.838974237 2.714363575 0.002684731 -0.710915804 0.051676184 -0.039737273 0.700249493
1755121001610295808.000000 0.839352608 2.716953516 0.002470921 -0.711094081 0.050616276 -0.038864430 0.700194895
1755121002110410240.000000 0.837688625 2.716605186 0.002423806 -0.711813629 0.042755414 -0.029879166 0.700428903
1755121002610523904.000000 0.837546647 2.716928244 0.002533369 -0.711993754 0.042479828 -0.030633841 0.700229943
1755121003110633984.000000 0.834403396 2.716282606 0.002000300 -0.712538600 0.029033106 -0.016880563 0.700828791
1755121003610745344.000000 0.834611118 2.716105223 0.002212943 -0.712599635 0.028817426 -0.016637065 0.700781465
1755121004144202752.000000 0.834921658 2.721523285 0.002307076 -0.712759793 0.029005511 -0.017475156 0.700590372
1755121004677659648.000000 0.834812522 2.721505404 0.002336087 -0.712841868 0.029237516 -0.017809168 0.700488746
1755121005177775104.000000 0.835088789 2.721486330 0.002454562 -0.712740421 0.029294934 -0.017614810 0.700594485
1755121005677889536.000000 0.835252702 2.721539736 0.002249382 -0.712709069 0.029182253 -0.017561985 0.700632393
1755121006178005760.000000 0.834879577 2.721611738 0.002315476 -0.712758422 0.029292503 -0.017729040 0.700573444
1755121006678129152.000000 0.835067630 2.721536636 0.002480442 -0.712761998 0.029277597 -0.017693080 0.700571299
1755121007178265088.000000 0.835061252 2.721459389 0.002338292 -0.712714970 0.029222345 -0.017641980 0.700622797
1755121007711739904.000000 0.834707558 2.721688747 0.002220929 -0.712676942 0.029318353 -0.017822811 0.700652838
1755121008211866368.000000 0.835056484 2.721545935 0.002416452 -0.712774158 0.029248200 -0.017673554 0.700560689
1755121008711985664.000000 0.834683239 2.721586466 0.002259493 -0.712686300 0.029374827 -0.017827440 0.700640857
1755121009212096512.000000 0.834921122 2.721623659 0.002361521 -0.712716937 0.029361811 -0.017653348 0.700614691
1755121009745547008.000000 0.835196853 2.721394062 0.002553388 -0.712750494 0.029315978 -0.017551759 0.700584948
1755121010245657344.000000 0.835051835 2.721444130 0.002399765 -0.712715864 0.029259978 -0.017688472 0.700619102
1755121010745777408.000000 0.835098445 2.721469164 0.002553943 -0.712768972 0.029315667 -0.017625442 0.700564384
1755121011245905920.000000 0.835050642 2.721472263 0.002300930 -0.712694168 0.029247882 -0.017679773 0.700641870
1755121011779369984.000000 0.835024834 2.721483946 0.002283457 -0.712657988 0.029366376 -0.017593607 0.700675964
1755121012279489024.000000 0.834911764 2.721539021 0.002213018 -0.712661088 0.029286759 -0.017714055 0.700673103
1755121012779610624.000000 0.835007429 2.721650124 0.002222613 -0.712683022 0.029299716 -0.017682701 0.700650990
1755121013313077248.000000 0.834804773 2.721487522 0.002588518 -0.712780058 0.029432558 -0.017670838 0.700547040
1755121013846540800.000000 0.835005760 2.721466541 0.002197172 -0.712659180 0.029400926 -0.017583827 0.700673461
1755121014346661632.000000 0.834792912 2.721652031 0.002387031 -0.712670147 0.029415540 -0.017806213 0.700656176
1755121014880133632.000000 0.834943891 2.721453905 0.002497519 -0.712736130 0.029395100 -0.017628582 0.700594306
1755121015413609472.000000 0.835093439 2.721249342 0.002226285 -0.712614417 0.029378409 -0.017552419 0.700720787
1755121015947087104.000000 0.834805965 2.721546412 0.002343235 -0.712680101 0.029292310 -0.017783385 0.700651705
1755121016447225344.000000 0.834991693 2.721391201 0.002341055 -0.712647617 0.029361490 -0.017642623 0.700685382
1755121016980687616.000000 0.834976792 2.721302748 0.002395491 -0.712711155 0.029408492 -0.017647874 0.700618744
1755121017480807424.000000 0.835050166 2.721480846 0.002298711 -0.712695837 0.029344363 -0.017579185 0.700638652
1755121018014275584.000000 0.834773660 2.721317291 0.002426727 -0.712685287 0.029481109 -0.017742915 0.700639606
1755121018547742720.000000 0.834840715 2.721331120 0.002365757 -0.712640285 0.029439945 -0.017673403 0.700688839
1755121019081203200.000000 0.835125327 2.721665621 0.002178033 -0.712632954 0.029364599 -0.017564302 0.700702190
1755121019614664960.000000 0.835093677 2.721635103 0.002233376 -0.712676883 0.029363776 -0.017561646 0.700657606
1755121020114789120.000000 0.835068762 2.721443653 0.002195375 -0.712604046 0.029323863 -0.017557951 0.700733423
1755121020614911744.000000 0.835103631 2.721301317 0.002349197 -0.712676167 0.029224487 -0.017638972 0.700662196
1755121021115031040.000000 0.835036039 2.721378326 0.002292864 -0.712606668 0.029370349 -0.017632965 0.700726986
1755121021615147008.000000 0.834692001 2.721523046 0.002199785 -0.712617218 0.029339621 -0.017862832 0.700711668
1755121022115256064.000000 0.834895968 2.721380711 0.002321107 -0.712705970 0.029256718 -0.017751502 0.700627744
1755121022648709888.000000 0.835164368 2.721616030 0.002204520 -0.712637842 0.029311361 -0.017588023 0.700698912
1755121023148831232.000000 0.835154176 2.721411943 0.002369707 -0.712696731 0.029377833 -0.017501203 0.700638354
1755121023682291968.000000 0.834908783 2.721357584 0.002458652 -0.712686121 0.029444693 -0.017588221 0.700644135
1755121024182408704.000000 0.834968328 2.721686840 0.002269523 -0.712683439 0.029383644 -0.017642967 0.700648069
1755121024682521088.000000 0.834999084 2.721526623 0.002093738 -0.712623954 0.029342597 -0.017617920 0.700710952
1755121025182626304.000000 0.834989011 2.721526861 0.002197105 -0.712578535 0.029290313 -0.017732453 0.700756490
1755121025682726656.000000 0.834965229 2.721512556 0.002150653 -0.712613702 0.029402744 -0.017627826 0.700718522
1755121026216162560.000000 0.834958375 2.721498728 0.002250199 -0.712629855 0.029309358 -0.017684838 0.700704694
1755121026716264704.000000 0.834970593 2.721459150 0.002292441 -0.712625623 0.029416442 -0.017643312 0.700705469
1755121027216375808.000000 0.834980369 2.721503019 0.002291749 -0.712645292 0.029375507 -0.017673329 0.700686455
1755121027716485120.000000 0.834870219 2.721366405 0.002141275 -0.712580502 0.029323334 -0.017678527 0.700754404
1755121028216591872.000000 0.834843814 2.721460819 0.002204224 -0.712639093 0.029226866 -0.017812621 0.700695455
1755121028716704256.000000 0.834712803 2.721531391 0.002265190 -0.712630928 0.029376518 -0.017753163 0.700699031
1755121029216825344.000000 0.834994972 2.721655846 0.002090937 -0.712593317 0.029385230 -0.017699223 0.700738192
1755121029716937472.000000 0.835177422 2.721558809 0.002153913 -0.712638915 0.029340077 -0.017503785 0.700698674
1755121030250382592.000000 0.834806859 2.721498728 0.002181820 -0.712632120 0.029440084 -0.017680479 0.700696945
1755121030750487808.000000 0.835020363 2.721621275 0.001967307 -0.712564945 0.029409517 -0.017638015 0.700767636
1755121031250593792.000000 0.834607899 2.721704006 0.002022719 -0.712580204 0.029465480 -0.017805737 0.700745523
1755121031750712064.000000 0.834993899 2.721487522 0.002124161 -0.712577999 0.029371895 -0.017676247 0.700755000
1755121032250841856.000000 0.834887803 2.721516848 0.002119144 -0.712573647 0.029417640 -0.017614897 0.700758934
1755121032750965248.000000 0.834996343 2.721573114 0.001896353 -0.712529659 0.029354252 -0.017651873 0.700805426
1755121033284423168.000000 0.834929287 2.721463680 0.002067409 -0.712585986 0.029417334 -0.017687701 0.700744629
1755121033817882624.000000 0.835022807 2.721596956 0.002066161 -0.712621450 0.029367778 -0.017631494 0.700712025
1755121034351342848.000000 0.834796011 2.721467018 0.002101305 -0.712597787 0.029401183 -0.017697183 0.700733125
1755121034884811520.000000 0.835127592 2.721415043 0.002147542 -0.712603748 0.029303458 -0.017556310 0.700734615
1755121035384941568.000000 0.835028589 2.721307278 0.002215656 -0.712588668 0.029343167 -0.017610768 0.700746953
1755121035918412288.000000 0.834996700 2.721349955 0.002182359 -0.712615848 0.029387506 -0.017602414 0.700717688
1755121036418542336.000000 0.834969997 2.721286058 0.002098213 -0.712582469 0.029382104 -0.017599979 0.700751841
1755121036952010496.000000 0.834917188 2.721469641 0.002052513 -0.712547302 0.029344266 -0.017683487 0.700787187
1755121037452136960.000000 0.834901392 2.721319437 0.002270645 -0.712619841 0.029449094 -0.017660545 0.700709522
1755121037985601280.000000 0.834861636 2.721293926 0.002276642 -0.712603033 0.029372528 -0.017715769 0.700728416
1755121038519065344.000000 0.834966242 2.721472502 0.002177884 -0.712607026 0.029340168 -0.017720986 0.700725675
1755121039019187712.000000 0.835000634 2.721512318 0.002025347 -0.712566495 0.029296234 -0.017680109 0.700769782
1755121039519311360.000000 0.834886193 2.721474171 0.002287237 -0.712649703 0.029460695 -0.017649814 0.700679004
1755121040019431424.000000 0.834889412 2.721388102 0.002141179 -0.712630868 0.029444473 -0.017677760 0.700698137
1755121040519551744.000000 0.834939122 2.721443892 0.002020201 -0.712553561 0.029394977 -0.017665138 0.700779140
1755121041053015552.000000 0.835048616 2.721269846 0.001972815 -0.712517083 0.029335747 -0.017618645 0.700819790
1755121041553138944.000000 0.834990263 2.721340179 0.002188884 -0.712580919 0.029370341 -0.017670508 0.700752199
1755121042086613760.000000 0.834756672 2.721199274 0.002048858 -0.712520182 0.029469116 -0.017664203 0.700809956
1755121042586743552.000000 0.834824502 2.721408367 0.001874414 -0.712490618 0.029417835 -0.017672464 0.700841963
1755121043086864896.000000 0.834475815 2.721713066 0.001571261 -0.712374210 0.029477956 -0.017921923 0.700951397
1755121043586985984.000000 0.834871292 2.721314669 0.001967668 -0.712502122 0.029514777 -0.017643448 0.700826883
1755121044120448256.000000 0.834932745 2.720970392 0.001908003 -0.712485075 0.029409086 -0.017607374 0.700849652
1755121044620581376.000000 0.834680319 2.721502542 0.002172539 -0.712569237 0.029435035 -0.017834701 0.700757146
1755121045120749312.000000 0.834788978 2.721350670 0.001914737 -0.712531269 0.029501369 -0.017721338 0.700795829
1755121045620904704.000000 0.834698439 2.721151590 0.001873374 -0.712447286 0.029426895 -0.017760167 0.700883389
1755121046121013248.000000 0.834749043 2.721210480 0.002121856 -0.712499917 0.029365888 -0.017812822 0.700831175
1755121046621124608.000000 0.834377110 2.721673965 0.001363344 -0.712304056 0.029406229 -0.017888529 0.701026499
1755121047154585856.000000 0.834774435 2.721246004 0.001875205 -0.712439775 0.029338336 -0.017824259 0.700893104
1755121047688052992.000000 0.835050344 2.721161127 0.002216544 -0.712543309 0.029362211 -0.017631274 0.700791836
1755121048221532416.000000 0.834715009 2.721300125 0.002029993 -0.712497234 0.029496547 -0.017644197 0.700832605
1755121048721662464.000000 0.835297883 2.721035957 0.002376479 -0.712549925 0.029449534 -0.017345862 0.700788438
1755121049255125248.000000 0.835007071 2.721363783 0.002157713 -0.712587416 0.029403238 -0.017571138 0.700746655
1755121049788588288.000000 0.835401952 2.720963240 0.002357796 -0.712599635 0.029327793 -0.017445831 0.700740576
1755121050288709120.000000 0.835360646 2.720980406 0.002366078 -0.712637663 0.029328769 -0.017409887 0.700702786
1755121050788836352.000000 0.835400522 2.721166372 0.002446085 -0.712621391 0.029344684 -0.017360583 0.700719893
1755121051288968704.000000 0.835339010 2.721263409 0.002432486 -0.712642610 0.029384231 -0.017434902 0.700694799
1755121051822436864.000000 0.835476756 2.721058130 0.002392601 -0.712621272 0.029311432 -0.017357597 0.700721443
1755121052355899136.000000 0.835465014 2.721247673 0.002483786 -0.712652445 0.029325169 -0.017395236 0.700688124
1755121052856028160.000000 0.835409999 2.721119881 0.002428009 -0.712628067 0.029308960 -0.017418355 0.700713158
1755121053356160000.000000 0.835432231 2.721176386 0.002301768 -0.712576151 0.029320138 -0.017377723 0.700766444
1755121053889623040.000000 0.834943175 2.721427441 0.002119617 -0.712546349 0.029399361 -0.017562591 0.700788796
1755121054389740544.000000 0.835473895 2.720947981 0.002347106 -0.712562442 0.029420789 -0.017301133 0.700778067
1755121054889859840.000000 0.835475326 2.721176147 0.002342020 -0.712578177 0.029327065 -0.017334236 0.700765133
1755121055389979392.000000 0.835425019 2.721056700 0.002292200 -0.712562621 0.029322507 -0.017400544 0.700779498
1755121055890071808.000000 0.835413754 2.721193075 0.002394058 -0.712614059 0.029386617 -0.017400531 0.700724602
1755121056390152704.000000 0.835010767 2.721350431 0.002057892 -0.712525427 0.029382512 -0.017594913 0.700809956
1755121056923598848.000000 0.835485399 2.721144915 0.002377565 -0.712596297 0.029384319 -0.017324595 0.700744569
1755121057423709184.000000 0.835463822 2.721097708 0.002350376 -0.712572873 0.029348683 -0.017355470 0.700769186
1755121057923817984.000000 0.835437596 2.721202612 0.002372937 -0.712583244 0.029368160 -0.017352784 0.700757802
1755121058490607360.000000 0.835418165 2.721059799 0.002380478 -0.712590158 0.029386105 -0.017401528 0.700748861
1755121058990716928.000000 0.835424364 2.721171379 0.002364645 -0.712593615 0.029298101 -0.017424056 0.700748503
1755121059490824192.000000 0.835461676 2.721115828 0.002334034 -0.712572455 0.029326579 -0.017415132 0.700769007
1755121060024300544.000000 0.835451186 2.721081972 0.002338347 -0.712554991 0.029288303 -0.017410705 0.700788558
1755121060557899264.000000 0.835478306 2.721248627 0.002377396 -0.712592900 0.029354736 -0.017363546 0.700748265
1755121061092696832.000000 0.833731592 2.757514000 0.002636213 -0.711998582 0.009993157 0.002670502 0.702104747
1755121061627253504.000000 0.829718232 2.804010630 0.002261913 -0.710096002 -0.012854305 0.024980780 0.703544199
1755121062160547840.000000 0.821129024 2.850851774 0.001586226 -0.708365142 -0.037639666 0.049412187 0.703107834
1755121062760500480.000000 0.808637083 2.903661251 0.001409275 -0.706132293 -0.063770071 0.075231962 0.701178193
1755121063327124480.000000 0.793700874 2.952291489 0.001722572 -0.702188432 -0.089039199 0.099223092 0.699398518
1755121063893757440.000000 0.776252449 2.997182131 0.001640636 -0.697041512 -0.114354253 0.125513881 0.696636558
1755121064460382208.000000 0.754520297 3.041293859 0.001734224 -0.690516829 -0.139991596 0.150078133 0.693588912
1755121065027038720.000000 0.728973746 3.086427450 0.001338542 -0.684893668 -0.163662031 0.172181413 0.688831627
1755121065560351744.000000 0.703944683 3.127103090 0.001903173 -0.680292070 -0.185596809 0.197428033 0.681013048
1755121066093675776.000000 0.673550069 3.168814898 0.001607065 -0.677814841 -0.208924830 0.218877092 0.670082390
1755121066626988288.000000 0.641869426 3.205167294 0.001812139 -0.670994401 -0.232338160 0.242978975 0.660868168
1755121067160307456.000000 0.607665420 3.240551710 0.001370096 -0.664276958 -0.254197657 0.264694065 0.651196480
1755121067726955520.000000 0.568856120 3.274339676 0.001029622 -0.655471563 -0.278100252 0.288167685 0.640294313
1755121068260276992.000000 0.530094504 3.304803371 -0.000246269 -0.645680070 -0.300429314 0.310382307 0.629684269
1755121068826935808.000000 0.486997247 3.331247330 0.000119380 -0.634710193 -0.322708905 0.331563592 0.618924499
1755121069393596160.000000 0.443827838 3.355684042 0.000399384 -0.621899664 -0.344989210 0.353651583 0.607580245
1755121069960252416.000000 0.396162331 3.378007650 -0.001352190 -0.608850837 -0.366143912 0.374995530 0.595497847
1755121070493561344.000000 0.350669801 3.395311594 -0.001064700 -0.596716583 -0.386447012 0.393193960 0.583083749
1755121070993572608.000000 0.305679530 3.406846046 -0.001587009 -0.583695114 -0.406635463 0.410044223 0.570798993
1755121071526904832.000000 0.257316679 3.417365313 -0.001879510 -0.569217324 -0.424412489 0.428333640 0.558923900
1755121072060226048.000000 0.208938450 3.424908400 -0.001987732 -0.553870916 -0.444988906 0.447277486 0.543281376
1755121072593537792.000000 0.160547271 3.430030346 -0.001571142 -0.537924707 -0.462142080 0.465274632 0.529699147
1755121073093547008.000000 0.114769839 3.430769205 -0.000972653 -0.523917615 -0.478211135 0.480930626 0.515296340
1755121073626880512.000000 0.065355234 3.430266380 -0.001082544 -0.508114278 -0.493874729 0.497222841 0.500676572
1755121074160212480.000000 0.014930418 3.426590204 -0.001739605 0.492675185 0.510725260 -0.513409138 -0.482536882
1755121074693538304.000000 -0.033444095 3.419930696 -0.000134957 0.476263642 0.525566936 -0.528565586 -0.466444731
1755121075226865920.000000 -0.081432231 3.411235094 0.001071954 0.459334403 0.540128767 -0.544381917 -0.448242426
1755121075726867968.000000 -0.125244811 3.398466825 0.001329700 0.443307638 0.553525209 -0.558282673 -0.430591166
1755121076260221440.000000 -0.172967657 3.382339239 0.001826480 0.424154103 0.568904698 -0.571363330 -0.412292004
1755121076760567808.000000 -0.213119820 3.364227295 0.002384723 0.405441910 0.580973029 -0.584297836 -0.395832390
1755121077261332992.000000 -0.255438566 3.342469454 0.003363357 0.387624502 0.593318820 -0.595986664 -0.377518177
1755121077695135488.000000 -0.289826870 3.321133137 0.003620584 0.371805578 0.602791548 -0.605752110 -0.362584352
1755121078161916672.000000 -0.325697958 3.296131849 0.003577700 0.353454739 0.613532245 -0.616702557 -0.343985438
1755121078595356672.000000 -0.355947673 3.272272825 0.004119960 0.336060286 0.621947706 -0.626638710 -0.327976346
1755121079095479552.000000 -0.389029473 3.240823030 0.003053786 0.316814423 0.631524384 -0.636372626 -0.309573203
1755121079628941056.000000 -0.423221320 3.205375433 0.003208757 -0.294885099 -0.643244803 0.645400345 0.287641019
1755121080162392320.000000 -0.455415547 3.167546272 0.002354248 -0.273921192 -0.653813064 0.653377175 0.265695214
1755121080662508288.000000 -0.485125303 3.128522873 0.001978009 -0.254314542 -0.664645314 0.658839822 0.243927836
1755121081195983360.000000 -0.511226833 3.088154793 0.001406658 -0.231554985 -0.673013330 0.666428328 0.222055614
1755121081696116992.000000 -0.534119070 3.048282862 0.002120596 -0.208822966 -0.680332780 0.673877776 0.198567405
1755121082229595648.000000 -0.553900540 3.006221533 0.001989806 -0.184601933 -0.685350180 0.682308435 0.175135776
1755121082729729792.000000 -0.568908751 2.965531349 0.002677998 -0.160461396 -0.688965976 0.690251350 0.152089357
1755121083229860096.000000 -0.582676470 2.921705246 0.003807137 -0.139684156 -0.694026411 0.693945587 0.131359279
1755121083763333376.000000 -0.594333589 2.874053478 0.004195901 -0.116970778 -0.698913872 0.697241724 0.108126573
1755121084263465216.000000 -0.603890955 2.828418732 0.004505038 -0.096227415 -0.702840030 0.699531436 0.086092599
1755121084796932096.000000 -0.609312892 2.780308723 0.005654966 -0.073177561 -0.705186427 0.702454627 0.062567145
1755121085197028096.000000 -0.611155748 2.743684769 0.005926965 -0.056122966 -0.707012534 0.703407705 0.046916742
1755121085664125952.000000 -0.611435831 2.699443817 0.005549699 -0.034975991 -0.709102988 0.703811169 0.024484912
1755121086198929664.000000 -0.608683288 2.650428534 0.006538972 -0.011608379 -0.709869206 0.704237401 -0.000803940
1755121086733246720.000000 -0.602625370 2.600113153 0.006445425 0.011512167 -0.710300803 0.703375280 -0.024566850
1755121087233251328.000000 -0.594350517 2.554276228 0.006703470 0.033532020 -0.709574282 0.702182114 -0.048168469
1755121087766576640.000000 -0.582457185 2.508130789 0.007092383 0.056264631 -0.706205189 0.702154100 -0.071331546
1755121088333218304.000000 -0.565361738 2.457319975 0.006997431 0.082593992 -0.703867257 0.698837161 -0.096828640
1755121088899873792.000000 -0.544284642 2.407830238 0.006986193 0.108603097 -0.700848162 0.694312215 -0.122261509
1755121089433197824.000000 -0.521483898 2.362376451 0.006503120 0.132343546 -0.697318137 0.689164102 -0.145895332
1755121089966521344.000000 -0.497039527 2.317685843 0.005978584 0.156429708 -0.693907738 0.681977808 -0.170082629
1755121090533161472.000000 -0.468297452 2.274203539 0.005751736 0.182490364 -0.687287688 0.675426960 -0.195272774
1755121091033174272.000000 -0.438514113 2.238268375 0.006365625 0.205320343 -0.681430697 0.668781579 -0.215004772
1755121091566508288.000000 -0.405491918 2.201087475 0.006689530 0.230214283 -0.672977865 0.661273181 -0.238369420
1755121092133168640.000000 -0.367674530 2.164389849 0.006338153 0.254404366 -0.663692415 0.652649522 -0.262372792
1755121092633189376.000000 -0.330319345 2.133528709 0.006040586 0.275728673 -0.655511558 0.643629253 -0.282877624
1755121093133396736.000000 -0.292856514 2.105277538 0.005821889 0.296926260 -0.645756721 0.634489954 -0.303736091
1755121093667102976.000000 -0.250831991 2.078380108 0.005922202 0.317893416 -0.633413613 0.625395358 -0.326514453
1755121094168316928.000000 -0.211012274 2.055553675 0.005903283 0.336689502 -0.622218132 0.616159499 -0.346168101
1755121094669388800.000000 -0.167746440 2.034394741 0.005759064 0.356892973 -0.610922039 0.603617370 -0.367488414
1755121095202551552.000000 -0.121449508 2.015290737 0.005378725 0.376002491 -0.599409819 0.592306852 -0.385360360
1755121095735696640.000000 -0.073019832 1.998914361 0.005677970 0.398357838 -0.586738348 0.576585829 -0.405706763
1755121096268856832.000000 -0.024456372 1.987172246 0.005444629 0.418805271 -0.572537243 0.562235832 -0.425081283
1755121096835335936.000000 0.031625673 1.977014899 0.006710907 0.441260040 -0.556819499 0.545816720 -0.444213629
1755121097401825536.000000 0.084516972 1.970586419 0.006228251 0.461043388 -0.539678574 0.529172540 -0.464932650
1755121097968327424.000000 0.139642507 1.968784690 0.006031703 0.481039017 -0.522751033 0.511670113 -0.483245909
1755121098501493760.000000 0.189419478 1.970529318 0.006405465 -0.497959346 0.505974233 -0.495353073 0.500651598
1755121099067988992.000000 0.241835803 1.976567864 0.006405205 -0.516398549 0.486279249 -0.475892395 0.519991815
1755121099601132288.000000 0.290722787 1.985283375 0.006151458 -0.531795263 0.469459981 -0.457934886 0.535814047
1755121100167628544.000000 0.343847036 1.998298764 0.006186383 -0.549289882 0.450350463 -0.438217163 0.550845504
1755121100700778496.000000 0.391823858 2.014718533 0.005981257 -0.565680444 0.432258695 -0.418368518 0.564026535
1755121101300592640.000000 0.442167848 2.035042524 0.005521387 -0.580253124 0.408887208 -0.396483362 0.582167149
1755121101800708864.000000 0.483021557 2.056006670 0.005043097 -0.593310893 0.389769822 -0.377529770 0.594586492
1755121102334675456.000000 0.525079668 2.081339121 0.005721569 -0.607553601 0.368681580 -0.356099248 0.606750250
1755121102868335360.000000 0.565682948 2.109062910 0.006365934 -0.619211316 0.347609282 -0.336138159 0.618673027
1755121103434958336.000000 0.606655538 2.141698599 0.005822173 -0.632666409 0.324214131 -0.313307852 0.629647970
1755121104001596416.000000 0.644508660 2.177449226 0.006483059 -0.643785119 0.300673246 -0.289980531 0.641129971
1755121104568227840.000000 0.679622829 2.214592218 0.006562786 -0.654056251 0.275491774 -0.264620870 0.652909338
1755121105134878976.000000 0.711427808 2.252648354 0.007009733 -0.663420141 0.251894295 -0.240111068 0.662396908
1755121105701512960.000000 0.743169665 2.296455860 0.005495458 -0.671207309 0.229668587 -0.216823265 0.670612276
1755121106234809600.000000 0.768314421 2.338736773 0.004857250 -0.680072784 0.206542417 -0.193856403 0.676210821
1755121106768109312.000000 0.792191744 2.382910490 0.004922064 -0.688476920 0.182820261 -0.171010733 0.680684686
1755121107301439488.000000 0.810580790 2.426603317 0.005650039 -0.694345295 0.160475820 -0.148220658 0.685684144
1755121107868090112.000000 0.827547133 2.475061655 0.005235540 -0.699088275 0.135293916 -0.123083889 0.691246390
1755121108434724096.000000 0.841186881 2.524560452 0.005285019 -0.704197109 0.111568764 -0.100004919 0.694015861
1755121108968125184.000000 0.850008428 2.571561813 0.004339453 -0.708030105 0.088262804 -0.077402711 0.696356237
1755121109468235776.000000 0.856873453 2.618372679 0.002928262 -0.711731076 0.066358037 -0.054914679 0.697151303
1755121110002176768.000000 0.860160708 2.665396214 0.002860537 -0.711824477 0.043254882 -0.031276390 0.700326145
